"Row.names" "Gene_Name" "FeatureStart" "FeatureEnd" "P1_nonsyn" "P2_nonsyn" "P1_syn" "P2_syn" "D_nonsyn" "D_syn" "exon_length" "length" "Dtotal" "Dn_cont" "Ds_cont" "Dtotal_cont" "dif_or_not" "dnds" "logFC" "logCPM" "PValue" "fdr" "Chromosome" "Bias"
"1" "ABCA1" NA NA NA NA NA NA NA NA NA NA NA NA NA NA NA "NOT" NA -0.260879933515783 6.52832106601272 0.439526269189021 0.82812440552573 "Z" "Unbias"
"2" "ABHD17B" NA NA NA NA NA NA NA NA NA NA NA NA NA NA NA "NOT" NA 0.113967824513439 4.59300491241936 0.583169544788846 0.895108898605697 "Z" "Unbias"
"3" "ACAA2" NA NA NA NA NA NA NA NA NA NA NA NA NA NA NA "NOT" NA 0.319353883352345 5.74418519395607 0.116681245176925 0.522911557767246 "Z" "Unbias"
"4" "ACO1" "ACO1" 34549677 34593009 0 0 0 0 1 0 5864 43332 1 0.000170532060027285 0 0.000170532060027285 "DIF" 1 0.233211565327306 8.49662445092287 0.127873728638157 0.54790866326104 "Z" "Unbias"
"5" "AGGF1" "AGGF1" 59592131 59614776 0 0 3 1 1 0 3096 22645 1 0.000322997416020672 0 0.000322997416020672 "DIF" 1 0.082863421778081 6.12448022842576 0.575842263350855 0.890549471965275 "Z" "Unbias"
"6" "AGTPBP1" "AGTPBP1" 54838592 54899033 1 0 2 0 0 1 5048 60441 1 0 0.000198098256735341 0.000198098256735341 "DIF" 0 0.370156973462311 7.65844738854916 0.0220191657142824 0.246111836553943 "Z" "Unbias"
"7" "AK3" NA NA NA NA NA NA NA NA NA NA NA NA NA NA NA "NOT" NA -0.225650848112018 2.8534513857249 0.48800547727201 0.856559996361831 "Z" "Unbias"
"8" "ALDH7A1" NA NA NA NA NA NA NA NA NA NA NA NA NA NA NA "NOT" NA -0.257687144616078 2.70622786629887 0.423805939592237 0.820051919815004 "Z" "Unbias"
"9" "ALDOB" "ALDOB" 18069863 18079832 0 0 0 0 0 1 1622 9969 1 0 0.00061652281134402 0.00061652281134402 "DIF" 0 0.285247849086303 5.08603193823927 0.582928512704156 0.895108898605697 "Z" "Unbias"
"10" "AMACR" NA NA NA NA NA NA NA NA NA NA NA NA NA NA NA "NOT" NA -0.199811317511977 2.90548631456325 0.478136181958368 0.852056038012023 "Z" "Unbias"
"11" "ANKRA2" "ANKRA2" 61016621 61025610 0 0 0 0 0 1 1951 8989 1 0 0.000512557662737058 0.000512557662737058 "DIF" 0 -0.0077459668553785 6.23969172183337 0.964873449267295 1 "Z" "Unbias"
"12" "ANKRD31" "ANKRD31" 60332675 60397704 2 1 1 0 11 4 6627 65029 15 0.00165987626376943 0.000603591368643428 0.00226346763241286 "DIF" 2.2 0.385328630755431 6.80873254335088 0.0124855028622484 0.184817661272358 "Z" "Unbias"
"13" "ANXA1" NA NA NA NA NA NA NA NA NA NA NA NA NA NA NA "NOT" NA -0.362671758785018 2.82873790700976 0.300146370833508 0.744298452060469 "Z" "Unbias"
"14" "AP3B1" NA NA NA NA NA NA NA NA NA NA NA NA NA NA NA "NOT" NA 0.0910327810078985 6.49872762319324 0.556248324831093 0.882973785107684 "Z" "Unbias"
"15" "AP3S1" NA NA NA NA NA NA NA NA NA NA NA NA NA NA NA "NOT" NA -0.222023441610799 4.28065888982697 0.373376132812427 0.788058752991762 "Z" "Unbias"
"16" "APBA1" "APBA1" 22864261 22959912 0 0 2 0 0 1 6733 95651 1 0 0.000148522204069508 0.000148522204069508 "DIF" 0 -0.178876560670788 5.06141910530027 0.325067246576207 0.760491259361129 "Z" "Unbias"
"17" "APC" NA NA NA NA NA NA NA NA NA NA NA NA NA NA NA "NOT" NA 0.377167446566347 8.69296416829283 0.0334609096638074 0.300965483099348 "Z" "Unbias"
"18" "APTX" NA NA NA NA NA NA NA NA NA NA NA NA NA NA NA "NOT" NA 0.00722653821808733 6.38536453560802 0.957167737754584 1 "Z" "Unbias"
"19" "ARHGEF39" NA NA NA NA NA NA NA NA NA NA NA NA NA NA NA "NOT" NA 0.300009799027376 3.39590117751362 0.295906504590166 0.739670042148104 "Z" "Unbias"
"20" "ARID3C" NA NA NA NA NA NA NA NA NA NA NA NA NA NA NA "NOT" NA 1.58645987873248 3.1328622078077 1.30946809612335e-09 7.5497383081992e-07 "Z" "AA_bias"
"21" "ARL14EPL" NA NA NA NA NA NA NA NA NA NA NA NA NA NA NA "NOT" NA 0.648714505754074 2.31488234709149 0.0301313725352174 0.285727678210191 "Z" "Unbias"
"22" "ARL15" NA NA NA NA NA NA NA NA NA NA NA NA NA NA NA "NOT" NA -0.321815385186894 5.06468542122523 0.107138227279401 0.505280531189684 "Z" "Unbias"
"23" "ARRDC3" NA NA NA NA NA NA NA NA NA NA NA NA NA NA NA "NOT" NA -0.00402858129966351 5.38281063921558 0.996544438270584 1 "Z" "Unbias"
"24" "ARSK" "ARSK" 14055491 14089573 11 1 16 1 1 1 2584 34082 2 0.000386996904024768 0.000386996904024768 0.000773993808049536 "DIF" 0.5 0.104349923726011 3.63655306835692 0.674121953588043 0.928931673855607 "Z" "Unbias"
"25" "ATG12" NA NA NA NA NA NA NA NA NA NA NA NA NA NA NA "NOT" NA 0.042597729240766 5.67343575005564 0.792165444953563 0.969774050628089 "Z" "Unbias"
"26" "ATP5F1A" NA NA NA NA NA NA NA NA NA NA NA NA NA NA NA "NOT" NA -0.143176565906598 8.59796024390026 0.293816159720295 0.738565353151009 "Z" "Unbias"
"27" "ATP5ME" NA NA NA NA NA NA NA NA NA NA NA NA NA NA NA "NOT" NA -0.0597710604321061 6.10959803946577 0.70855018170857 0.93997838763018 "Z" "Unbias"
"28" "AUH" NA NA NA NA NA NA NA NA NA NA NA NA NA NA NA "NOT" NA 0.146608736513905 3.59931048402926 0.565331854187728 0.886738811494933 "Z" "Unbias"
"29" "B4GALT1" "B4GALT1" 34174138 34201950 0 0 0 0 1 0 4316 27812 1 0.000231696014828545 0 0.000231696014828545 "DIF" 1 -0.35107068311227 4.08053982662691 0.141984918800006 0.574071436413934 "Z" "Unbias"
"30" "BDP1" "BDP1" 34936049 34988648 0 1 0 1 1 1 10665 52599 2 9.3764650726676e-05 9.3764650726676e-05 0.000187529301453352 "DIF" 0.5 -0.000512410463581366 7.33038723018886 0.997414570911182 1 "Z" "Unbias"
"31" "BRIX1" NA NA NA NA NA NA NA NA NA NA NA NA NA NA NA "NOT" NA -0.202524467344758 5.14514373000729 0.266870566391232 0.719664289302455 "Z" "Unbias"
"32" "BTF3" NA NA NA NA NA NA NA NA NA NA NA NA NA NA NA "NOT" NA -0.1808959852367 6.47906496497742 0.217482418454913 0.670548864179644 "Z" "Unbias"
"33" "C7" "C7" 46171258 46195484 0 1 0 1 1 0 4232 24226 1 0.000236294896030246 0 0.000236294896030246 "DIF" 1 -0.119863479744431 7.78794503318088 0.719138418552639 0.942267156561774 "Z" "Unbias"
"34" "C9orf72" NA NA NA NA NA NA NA NA NA NA NA NA NA NA NA "NOT" NA -0.042771552547026 4.64401953586485 0.84198886667032 0.983927475653596 "Z" "Unbias"
"35" "CAAP1" NA NA NA NA NA NA NA NA NA NA NA NA NA NA NA "NOT" NA -0.149523460891714 5.20438203788336 0.428895756206947 0.822894669687572 "Z" "Unbias"
"36" "CARNMT1" NA NA NA NA NA NA NA NA NA NA NA NA NA NA NA "NOT" NA -0.334648724491767 6.18749799934104 0.0551048023845236 0.378334768961163 "Z" "Unbias"
"37" "CBWD1" "CBWD1" 61898225 61920048 0 0 0 0 0 1 1642 21823 1 0 0.000609013398294762 0.000609013398294762 "DIF" 0 0.130268190565937 4.88389090092714 0.472648391104076 0.849212518847493 "Z" "Unbias"
"38" "CCDC152" NA NA NA NA NA NA NA NA NA NA NA NA NA NA NA "NOT" NA -0.0538287302258887 5.91538649088838 0.763403098829102 0.959939777229383 "Z" "Unbias"
"39" "CCNH" NA NA NA NA NA NA NA NA NA NA NA NA NA NA NA "NOT" NA -0.00696820457953238 6.0239252510371 0.974634993301509 1 "Z" "Unbias"
"40" "CDC14B" NA NA NA NA NA NA NA NA NA NA NA NA NA NA NA "NOT" NA -0.512779028846009 6.12365049718438 0.00149643391999397 0.0553057036264437 "Z" "Unbias"
"41" "CDC37L1" NA NA NA NA NA NA NA NA NA NA NA NA NA NA NA "NOT" NA 0.0788627720458357 5.25728082452648 0.685542464921263 0.932835036992278 "Z" "Unbias"
"42" "CDC42SE2" NA NA NA NA NA NA NA NA NA NA NA NA NA NA NA "NOT" NA -0.0272844805145522 7.51139161142619 0.850665617559012 0.986823464393659 "Z" "Unbias"
"43" "CDK7" NA NA NA NA NA NA NA NA NA NA NA NA NA NA NA "NOT" NA -0.0510179526181153 5.56034986726795 0.775392632934011 0.963101485307946 "Z" "Unbias"
"44" "CDO1" NA NA NA NA NA NA NA NA NA NA NA NA NA NA NA "NOT" NA -0.295796387125969 5.38132539172551 0.265249837293226 0.717980252072344 "Z" "Unbias"
"45" "CEMIP2" "CEMIP2" 12585077 12635615 3 0 3 0 2 2 7338 50538 4 0.000272553829381303 0.000272553829381303 0.000545107658762606 "DIF" 0.666666666666667 -0.213179875972172 5.26893644262303 0.244109368123485 0.694846981938263 "Z" "Unbias"
"46" "CENPH" "CENPH" 11295835 11303511 0 0 0 0 0 1 1954 7676 1 0 0.000511770726714432 0.000511770726714432 "DIF" 0 -0.242159733949886 5.7838045073173 0.161021999382415 0.602447980168275 "Z" "Unbias"
"47" "CENPK" NA NA NA NA NA NA NA NA NA NA NA NA NA NA NA "NOT" NA -0.18928952398908 5.17658778020458 0.297567892296714 0.741251969339686 "Z" "Unbias"
"48" "CEP120" "CEP120" 24407941 24449369 3 0 2 0 2 0 5174 41428 2 0.000386548125241593 0 0.000386548125241593 "DIF" 2 0.151824171862227 5.98004652817422 0.346996943237632 0.774610518423374 "Z" "Unbias"
"49" "CEP78" NA NA NA NA NA NA NA NA NA NA NA NA NA NA NA "NOT" NA -0.0520880763521553 5.98751957945926 0.742238187239753 0.951725778134535 "Z" "Unbias"
"50" "CERT1" "CERT1" 60223834 60304536 0 0 1 1 0 2 5166 80702 2 0 0.000387146728610143 0.000387146728610143 "DIF" 0 0.164042171238543 6.77077872511419 0.303657585922319 0.746667319343587 "Z" "Unbias"
"51" "CETN3" NA NA NA NA NA NA NA NA NA NA NA NA NA NA NA "NOT" NA -0.187612244060467 6.39927806480175 0.247399129425096 0.699377141799652 "Z" "Unbias"
"52" "CFAP53" NA NA NA NA NA NA NA NA NA NA NA NA NA NA NA "NOT" NA 0.344529747109281 6.59322739368909 0.0162207962836299 0.212308586233415 "Z" "Unbias"
"53" "CHD1" NA NA NA NA NA NA NA NA NA NA NA NA NA NA NA "NOT" NA -0.224434686039345 6.22827664786551 0.149216116167785 0.583235916135521 "Z" "Unbias"
"54" "CKS2" NA NA NA NA NA NA NA NA NA NA NA NA NA NA NA "NOT" NA 0.227496972756449 7.78932203861131 0.100573498702303 0.494756434878138 "Z" "Unbias"
"55" "CLTA" NA NA NA NA NA NA NA NA NA NA NA NA NA NA NA "NOT" NA 0.0451512644457547 5.6787717652883 0.782234126471087 0.965812636441978 "Z" "Unbias"
"56" "CNTFR" NA NA NA NA NA NA NA NA NA NA NA NA NA NA NA "NOT" NA -0.00769691187625209 4.54420405856975 0.993661232173811 1 "Z" "Unbias"
"57" "COMMD10" NA NA NA NA NA NA NA NA NA NA NA NA NA NA NA "NOT" NA 0.0433830127582166 4.72846902499018 0.82141829676854 0.975695257542667 "Z" "Unbias"
"58" "CPLANE1" "CPLANE1" 44725613 44784876 1 0 1 1 2 1 10667 59263 3 0.0001874941408081 9.37470704040499e-05 0.00028124121121215 "DIF" 1 0.30263594811701 7.85065509262898 0.100606935082923 0.494756434878138 "Z" "Unbias"
"59" "CREB3" NA NA NA NA NA NA NA NA NA NA NA NA NA NA NA "NOT" NA 0.160398177375971 6.39329506232082 0.293586919611662 0.738565353151009 "Z" "Unbias"
"60" "CSNK1G3" "CSNK1G3" 24313954 24393225 4 0 0 0 2 1 3192 79271 3 0.0006265664160401 0.00031328320802005 0.00093984962406015 "DIF" 1 0.255251108812959 7.0520529224253 0.221929212876222 0.674681190001509 "Z" "Unbias"
"61" "CTIF" NA NA NA NA NA NA NA NA NA NA NA NA NA NA NA "NOT" NA -0.0954153590979858 5.38147249469131 0.640991126080443 0.917886590328125 "Z" "Unbias"
"62" "CTSL" NA NA NA NA NA NA NA NA NA NA NA NA NA NA NA "NOT" NA -0.254522244097403 6.47356363556177 0.106691833859756 0.503736994001906 "Z" "Unbias"
"63" "CWC27" "CWC27" 53293660 53390001 1 0 1 0 1 0 1768 96341 1 0.000565610859728507 0 0.000565610859728507 "DIF" 1 0.157314277560126 6.69001539418306 0.293172367718417 0.738565353151009 "Z" "Unbias"
"64" "CZH18orf25" "CZH18orf25" 35396436 35426145 5 7 25 31 0 1 3715 29709 1 0 0.000269179004037685 0.000269179004037685 "DIF" 0 -0.215098390645212 5.80184319572178 0.250911247952829 0.702881323247054 "Z" "Unbias"
"65" "CZH18orf32" NA NA NA NA NA NA NA NA NA NA NA NA NA NA NA "NOT" NA 0.315272765163455 6.37456263492978 0.0976059333169404 0.489771112740487 "Z" "Unbias"
"66" "CZH5orf34" NA NA NA NA NA NA NA NA NA NA NA NA NA NA NA "NOT" NA 0.136837565739002 3.76568063823825 0.604285145588606 0.904042119786251 "Z" "Unbias"
"67" "CZH5orf51" NA NA NA NA NA NA NA NA NA NA NA NA NA NA NA "NOT" NA 0.30306653521616 5.2058856818953 0.196331763552534 0.646316348973845 "Z" "Unbias"
"68" "CZH9orf40" "CZH9orf40" 13695217 13701371 5 0 3 0 1 0 2303 6154 1 0.000434216239687364 0 0.000434216239687364 "DIF" 1 -0.191649851722624 4.25887482837238 0.452609092752879 0.836613106222792 "Z" "Unbias"
"69" "CZH9orf64" NA NA NA NA NA NA NA NA NA NA NA NA NA NA NA "NOT" NA 0.191429997151274 3.5976280092957 0.441519749529774 0.828914373333088 "Z" "Unbias"
"70" "CZH9orf85" NA NA NA NA NA NA NA NA NA NA NA NA NA NA NA "NOT" NA -0.0078226899723039 3.53415123497006 0.989178301576757 1 "Z" "Unbias"
"71" "DAB2" NA NA NA NA NA NA NA NA NA NA NA NA NA NA NA "NOT" NA -0.227851980513593 4.65590605334131 0.274622142000532 0.727969636645548 "Z" "Unbias"
"72" "DAPK1" "DAPK1" 10709668 10795646 5 0 12 0 0 3 5658 85978 3 0 0.000530222693531283 0.000530222693531283 "DIF" 0 -0.538291006365336 4.36119679977344 0.0141527842446397 0.196472302682456 "Z" "Unbias"
"73" "DCAF12" NA NA NA NA NA NA NA NA NA NA NA NA NA NA NA "NOT" NA 0.119712163726264 7.06841762599147 0.431645274121327 0.825127033326692 "Z" "Unbias"
"74" "DCP2" NA NA NA NA NA NA NA NA NA NA NA NA NA NA NA "NOT" NA 0.0622532581834461 8.20047055216305 0.673025790950569 0.928728988072684 "Z" "Unbias"
"75" "DCTN3" NA NA NA NA NA NA NA NA NA NA NA NA NA NA NA "NOT" NA 0.0876327331140792 7.31131631439505 0.526945404430968 0.873836186628357 "Z" "Unbias"
"76" "DDX4" "DDX4" 50098518 50118178 1 2 0 1 0 1 2149 19660 1 0 0.000465332712889716 0.000465332712889716 "DIF" 0 -0.608941053238492 7.74875050967741 0.00032099242230303 0.0205213640115521 "Z" "Unbias"
"77" "DENND4C" NA NA NA NA NA NA NA NA NA NA NA NA NA NA NA "NOT" NA 0.415806816635389 6.37981228088409 0.0154062682280425 0.206304579954607 "Z" "Unbias"
"78" "DGKQ" "DGKQ" 34441623 34529265 1 0 0 0 1 1 10203 87642 2 9.80103891012447e-05 9.80103891012447e-05 0.000196020778202489 "DIF" 0.5 -0.067155752382804 6.28494268239864 0.67826735402641 0.930932597838133 "Z" "Unbias"
"79" "DHX29" "DHX29" 49893739 49922731 0 1 0 0 0 1 6140 28992 1 0 0.000162866449511401 0.000162866449511401 "DIF" 0 -0.0772403155908329 5.48754757596594 0.663791670956811 0.92586331768099 "Z" "Unbias"
"80" "DMRT1" "DMRT1" 62175397 62238344 0 2 0 0 2 2 1958 62947 4 0.00102145045965271 0.00102145045965271 0.00204290091930541 "DIF" 0.666666666666667 -0.179776795971854 7.02037802752415 0.245981707329059 0.697659983563258 "Z" "Unbias"
"81" "DMXL1" NA NA NA NA NA NA NA NA NA NA NA NA NA NA NA "NOT" NA -0.0873963620326112 5.5846042965719 0.635826780170369 0.916069930080087 "Z" "Unbias"
"82" "DNAI1" "DNAI1" 40976255 41112882 0 0 0 0 1 0 2744 136627 1 0.000364431486880466 0 0.000364431486880466 "DIF" 1 -0.0438089793679247 6.75700494642297 0.772125229024029 0.961929690534391 "Z" "Unbias"
"83" "DNAJA1" NA NA NA NA NA NA NA NA NA NA NA NA NA NA NA "NOT" NA 0.163507294761354 8.50725516590276 0.330523857569816 0.764452254702033 "Z" "Unbias"
"84" "DNAJB5" NA NA NA NA NA NA NA NA NA NA NA NA NA NA NA "NOT" NA -0.0524727930891924 4.67953567483305 0.884757272996391 0.997050066856005 "Z" "Unbias"
"85" "DNAJC21" NA NA NA NA NA NA NA NA NA NA NA NA NA NA NA "NOT" NA -0.0675880771456436 6.00113753638032 0.692291704089168 0.93477253066756 "Z" "Unbias"
"86" "DNAJC25" NA NA NA NA NA NA NA NA NA NA NA NA NA NA NA "NOT" NA -0.0108230089357433 4.23110842853446 0.971013869305527 1 "Z" "Unbias"
"87" "DYM" NA NA NA NA NA NA NA NA NA NA NA NA NA NA NA "NOT" NA 0.0152978382804329 7.52971093639751 0.922243675572487 1 "Z" "Unbias"
"88" "ECPAS" NA NA NA NA NA NA NA NA NA NA NA NA NA NA NA "NOT" NA 0.207590133955112 7.80579638116757 0.163336346788927 0.607362597492136 "Z" "Unbias"
"89" "ELAC1" NA NA NA NA NA NA NA NA NA NA NA NA NA NA NA "NOT" NA -0.00803787890487069 4.33109719301099 0.983381182259074 1 "Z" "Unbias"
"90" "ELAVL2" "ELAVL2" 30950329 31030898 0 0 0 0 2 0 22539 80569 2 8.87350814144372e-05 0 8.87350814144372e-05 "DIF" 2 0.109625436336653 7.5821661036623 0.420315281221331 0.819245352901144 "Z" "Unbias"
"91" "ELP1" NA NA NA NA NA NA NA NA NA NA NA NA NA NA NA "NOT" NA 0.0113968123450571 7.21584023778175 0.929986670163322 1 "Z" "Unbias"
"92" "EMB" NA NA NA NA NA NA NA NA NA NA NA NA NA NA NA "NOT" NA -0.0955230415568085 9.63870821161531 0.503195322147017 0.861137040310352 "Z" "Unbias"
"93" "ENHO" NA NA NA NA NA NA NA NA NA NA NA NA NA NA NA "NOT" NA -0.340801951971287 2.76868844830217 0.239320707032242 0.689566937719366 "Z" "Unbias"
"94" "EPG5" NA NA NA NA NA NA NA NA NA NA NA NA NA NA NA "NOT" NA -0.126777080387799 5.33103412109188 0.509356912534904 0.862973047081983 "Z" "Unbias"
"95" "ERBIN" "ERBIN" 53780910 53898348 0 0 3 1 1 0 8617 117438 1 0.000116049669258443 0 0.000116049669258443 "DIF" 1 -0.19775629615707 5.27368581521018 0.280314455757067 0.731779031983962 "Z" "Unbias"
"96" "ERCC6L2" "ERCC6L2" 10045621 10094639 13 1 2 0 2 2 5450 49018 4 0.00036697247706422 0.00036697247706422 0.00073394495412844 "DIF" 0.666666666666667 0.364727267654194 6.24376786397387 0.0509817556021715 0.36378132663901 "Z" "Unbias"
"97" "ERCC8" "ERCC8" 52007424 52036012 1 0 0 0 0 1 2889 28588 1 0 0.000346140533056421 0.000346140533056421 "DIF" 0 0.138281843358151 5.86713280889432 0.410473622408896 0.812688865975791 "Z" "Unbias"
"98" "ERMP1" "ERMP1" 63741886 63762562 2 0 4 1 1 2 4880 20676 3 0.000204918032786885 0.00040983606557377 0.000614754098360656 "DIF" 0.333333333333333 0.138065300043044 4.44874553804887 0.515899872651518 0.866924251991876 "Z" "Unbias"
"99" "F2R" "F2R" 59726260 59734936 0 0 0 0 1 1 1747 8676 2 0.000572409845449342 0.000572409845449342 0.00114481969089868 "DIF" 0.5 -0.0735720980886726 4.08459908942298 0.762510303842305 0.9598584462398 "Z" "Unbias"
"100" "F2RL1" "F2RL1" 59691456 59697268 0 0 0 0 0 1 2203 5812 1 0 0.000453926463912846 0.000453926463912846 "DIF" 0 0.298383425675768 6.18909639376664 0.0541725545863192 0.374498637251107 "Z" "Unbias"
"101" "FAM169A" "FAM169A" 60471809 60510269 1 0 0 0 6 4 5861 38460 10 0.00102371608940454 0.000682477392936359 0.0017061934823409 "DIF" 1.2 0.065015659735002 4.39434019118808 0.748605684081717 0.954897147271303 "Z" "Unbias"
"102" "FAM172A" NA NA NA NA NA NA NA NA NA NA NA NA NA NA NA "NOT" NA 0.300270290135778 7.22360586393905 0.0389058196842156 0.325089135346877 "Z" "Unbias"
"103" "FAM174A" NA NA NA NA NA NA NA NA NA NA NA NA NA NA NA "NOT" NA -0.144912945836494 4.64910900334702 0.473508908033493 0.850074921148093 "Z" "Unbias"
"104" "FAM214B" NA NA NA NA NA NA NA NA NA NA NA NA NA NA NA "NOT" NA 0.227563448701606 7.72833853188744 0.135791326773945 0.56295493504414 "Z" "Unbias"
"105" "FAM219A" NA NA NA NA NA NA NA NA NA NA NA NA NA NA NA "NOT" NA -0.516118244606177 6.3253881942305 0.011540634758368 0.177875269840748 "Z" "Unbias"
"106" "FANCG" NA NA NA NA NA NA NA NA NA NA NA NA NA NA NA "NOT" NA -0.0030343164891811 4.74628380644825 0.999977751253554 1 "Z" "Unbias"
"107" "FBXL17" "FBXL17" 20737720 21018550 0 0 1 0 0 1 6494 280830 1 0 0.000153988296889436 0.000153988296889436 "DIF" 0 0.164263888714053 6.1202379371125 0.319351318861945 0.755642431098865 "Z" "Unbias"
"108" "FBXO4" NA NA NA NA NA NA NA NA NA NA NA NA NA NA NA "NOT" NA 0.173652245769171 3.88699575435432 0.475052472887252 0.851311686551788 "Z" "Unbias"
"109" "FCHO2" "FCHO2" 61242477 61324258 0 0 0 0 1 2 5477 81781 3 0.000182581705313128 0.000365163410626255 0.000547745115939383 "DIF" 0.333333333333333 -0.159637878121954 5.53706302141975 0.364758768034295 0.784505008524245 "Z" "Unbias"
"110" "FEM1C" "FEM1C" 30022819 30119403 0 1 0 0 0 1 7089 96584 1 0 0.000141063619692481 0.000141063619692481 "DIF" 0 -0.199475961690669 6.07123597498618 0.226033763610579 0.679130963692433 "Z" "Unbias"
"111" "FER" "FER" 21102415 21263204 0 0 1 0 0 1 16579 160789 1 0 6.03172688340672e-05 6.03172688340672e-05 "DIF" 0 -0.0251068752357905 5.93555878485913 0.883500085062494 0.997050066856005 "Z" "Unbias"
"112" "FNTA" NA NA NA NA NA NA NA NA NA NA NA NA NA NA NA "NOT" NA -0.0147563215967034 6.5169628216058 0.942311676782494 1 "Z" "Unbias"
"113" "FOCAD" NA NA NA NA NA NA NA NA NA NA NA NA NA NA NA "NOT" NA 0.0327553946191591 6.00013233206724 0.835047121288001 0.981259162796554 "Z" "Unbias"
"114" "FUT10" NA NA NA NA NA NA NA NA NA NA NA NA NA NA NA "NOT" NA -0.0652037890044172 5.78350659399802 0.695608903915326 0.935728683043353 "Z" "Unbias"
"115" "FXN" "FXN" 69911988 69923365 0 0 1 0 0 1 2591 11377 1 0 0.000385951370127364 0.000385951370127364 "DIF" 0 -0.117503869365032 4.50330427963289 0.587497735450403 0.897106714341602 "Z" "Unbias"
"116" "GADD45G" "GADD45G" 7643488 7645206 0 0 3 0 0 1 1177 1718 1 0 0.000849617672047579 0.000849617672047579 "DIF" 0 0.172992557022713 4.50443363676746 0.431903794639237 0.825216053461779 "Z" "Unbias"
"117" "GAK" NA NA NA NA NA NA NA NA NA NA NA NA NA NA NA "NOT" NA -0.115142836660686 5.41099197678604 0.56086084451145 0.884730167872289 "Z" "Unbias"
"118" "GALT" NA NA NA NA NA NA NA NA NA NA NA NA NA NA NA "NOT" NA 0.00445617832920756 3.49812964214287 0.981255447477462 1 "Z" "Unbias"
"119" "GAS1" NA NA NA NA NA NA NA NA NA NA NA NA NA NA NA "NOT" NA 0.0461454867466598 7.2246945539318 0.790443294237166 0.968668216991776 "Z" "Unbias"
"120" "GBA2" NA NA NA NA NA NA NA NA NA NA NA NA NA NA NA "NOT" NA 0.310451995655266 5.30110966253513 0.132215976983728 0.556061074610243 "Z" "Unbias"
"121" "GCNT4" NA NA NA NA NA NA NA NA NA NA NA NA NA NA NA "NOT" NA -0.412906562416118 5.00966867184623 0.208321797556667 0.660114654125864 "Z" "Unbias"
"122" "GDA" NA NA NA NA NA NA NA NA NA NA NA NA NA NA NA "NOT" NA -0.111078489746766 4.97712056859122 0.612372757985688 0.908435645482178 "Z" "Unbias"
"123" "GFM2" "GFM2" 60519279 60538444 1 0 0 1 2 3 4174 19165 5 0.000479156684235745 0.000718735026353618 0.00119789171058936 "DIF" 0.5 0.172389110702046 5.94678455314071 0.337856166393668 0.768673926125437 "Z" "Unbias"
"124" "GHR" NA NA NA NA NA NA NA NA NA NA NA NA NA NA NA "NOT" NA -0.329203606999215 4.87845549558397 0.0997425227160759 0.494212316915154 "Z" "Unbias"
"125" "GIN1" "GIN1" 18938580 18945688 3 0 0 0 1 1 2104 7108 2 0.000475285171102662 0.000475285171102662 0.000950570342205323 "DIF" 0.5 0.121861189152462 3.40299126232079 0.667423565891141 0.92700960169874 "Z" "Unbias"
"126" "GNE" NA NA NA NA NA NA NA NA NA NA NA NA NA NA NA "NOT" NA -0.00325991250926673 5.20734996024649 0.995177185267594 1 "Z" "Unbias"
"127" "GOLM1" "GOLM1" 54766563 54802374 0 0 0 0 0 1 3878 35811 1 0 0.000257864878803507 0.000257864878803507 "DIF" 0 -0.181710132832069 4.98529580498274 0.375345972219479 0.788422759198999 "Z" "Unbias"
"128" "GOLPH3" NA NA NA NA NA NA NA NA NA NA NA NA NA NA NA "NOT" NA -0.165496650183654 5.84572518870552 0.32331977863592 0.759152996833799 "Z" "Unbias"
"129" "GPBP1" "GPBP1" 50649093 50687575 0 0 0 0 0 1 4358 38482 1 0 0.000229463056447912 0.000229463056447912 "DIF" 0 -0.183313207598868 6.31998859755804 0.427332964824844 0.822476219665736 "Z" "Unbias"
"130" "GPX8" NA NA NA NA NA NA NA NA NA NA NA NA NA NA NA "NOT" NA -0.316522285626573 2.23522061686902 0.38867920574778 0.796450236855184 "Z" "Unbias"
"131" "GRAMD2B" "GRAMD2B" 29811333 29846775 1 0 0 0 0 1 3142 35442 1 0 0.000318268618714195 0.000318268618714195 "DIF" 0 -0.386481870749072 3.4438927450897 0.179017821575676 0.62724232773902 "Z" "Unbias"
"132" "HABP4" NA NA NA NA NA NA NA NA NA NA NA NA NA NA NA "NOT" NA -0.557378958316342 6.96161960149245 0.000381290773315427 0.02338651014415 "Z" "Unbias"
"133" "HAUS1" NA NA NA NA NA NA NA NA NA NA NA NA NA NA NA "NOT" NA -0.330033367631802 3.89369354126908 0.250537448024778 0.702881323247054 "Z" "Unbias"
"134" "HAUS6" NA NA NA NA NA NA NA NA NA NA NA NA NA NA NA "NOT" NA 0.0901230937981952 5.6484636235087 0.593239526865253 0.899729709888627 "Z" "Unbias"
"135" "HDHD2" NA NA NA NA NA NA NA NA NA NA NA NA NA NA NA "NOT" NA 0.962653040532927 5.02209412743097 1.10592702986326e-06 0.000247034650330673 "Z" "Unbias"
"136" "HEXB" "HEXB" 60538578 60555471 1 0 0 0 0 1 1866 16893 1 0 0.000535905680600214 0.000535905680600214 "DIF" 0 0.157174376397841 5.43020447777599 0.468313336239103 0.846491281278061 "Z" "Unbias"
"137" "HINT1" NA NA NA NA NA NA NA NA NA NA NA NA NA NA NA "NOT" NA -0.175178916927756 6.09289682963514 0.287415334382075 0.735696912460199 "Z" "Unbias"
"138" "HINT2" NA NA NA NA NA NA NA NA NA NA NA NA NA NA NA "NOT" NA -0.171095193894777 2.99761837698167 0.583135682006471 0.895108898605697 "Z" "Unbias"
"139" "HMGCR" "HMGCR" 60312318 60332351 0 0 0 0 0 1 4613 20033 1 0 0.000216778668978972 0.000216778668978972 "DIF" 0 0.299902233019744 8.09097553952327 0.0279694588038522 0.273782537748064 "Z" "Unbias"
"140" "HMGCS1" NA NA NA NA NA NA NA NA NA NA NA NA NA NA NA "NOT" NA -0.275831879143327 7.14052351255239 0.157050317720833 0.59629476906122 "Z" "Unbias"
"141" "HNRNPK" NA NA NA NA NA NA NA NA NA NA NA NA NA NA NA "NOT" NA -0.235430974799563 7.24911379102134 0.143061646595161 0.574286637778761 "Z" "Unbias"
"142" "HOMER1" "HOMER1" 58505186 58593629 0 0 0 0 0 2 3813 88443 2 0 0.000524521374246 0.000524521374246 "DIF" 0 0.11577100026086 4.45401465912782 0.585389948531123 0.896789092136625 "Z" "Unbias"
"143" "HOOK3" NA NA NA NA NA NA NA NA NA NA NA NA NA NA NA "NOT" NA 0.136789238965229 8.1708589462791 0.49686647590625 0.858831743506109 "Z" "Unbias"
"144" "HSD17B4" NA NA NA NA NA NA NA NA NA NA NA NA NA NA NA "NOT" NA 0.00917944490344141 7.0784226866729 0.943826148958082 1 "Z" "Unbias"
"145" "HSDL2" NA NA NA NA NA NA NA NA NA NA NA NA NA NA NA "NOT" NA 0.0770016223540519 4.09797881077846 0.719870540265659 0.942526081503726 "Z" "Unbias"
"146" "IDUA" NA NA NA NA NA NA NA NA NA NA NA NA NA NA NA "NOT" NA 0.0134368504310892 8.34139474716652 0.919628099039222 1 "Z" "Unbias"
"147" "IER3IP1" NA NA NA NA NA NA NA NA NA NA NA NA NA NA NA "NOT" NA 0.596764129673873 5.79861908841253 0.000746289521586322 0.0363099766810628 "Z" "Unbias"
"148" "IL11RA" NA NA NA NA NA NA NA NA NA NA NA NA NA NA NA "NOT" NA 0.179958485926396 4.90731548023001 0.440473529449947 0.828682412310042 "Z" "Unbias"
"149" "IL31RA" "IL31RA" 50129304 50163690 1 1 0 1 2 0 4383 34386 2 0.000456308464522017 0 0.000456308464522017 "DIF" 2 0.398682593736142 3.94934288776847 0.103299680123189 0.499478138686501 "Z" "Unbias"
"150" "IL6ST" "IL6ST" 50176185 50208724 2 0 1 0 1 0 8842 32539 1 0.000113096584483149 0 0.000113096584483149 "DIF" 1 -0.450292087474056 6.2848278510334 0.0128406714547599 0.18695174563742 "Z" "Unbias"
"151" "INIP" NA NA NA NA NA NA NA NA NA NA NA NA NA NA NA "NOT" NA -0.0355850268843834 5.30600430885783 0.846428318611319 0.985535123914218 "Z" "Unbias"
"152" "IPO11" NA NA NA NA NA NA NA NA NA NA NA NA NA NA NA "NOT" NA 0.462811624062725 8.06953724686627 0.00132720656832253 0.0510133964644238 "Z" "Unbias"
"153" "ISCA1" NA NA NA NA NA NA NA NA NA NA NA NA NA NA NA "NOT" NA -0.021484673895113 5.07482264498718 0.916356132795021 1 "Z" "Unbias"
"154" "ISOC1" NA NA NA NA NA NA NA NA NA NA NA NA NA NA NA "NOT" NA -0.16509256962275 4.78041748614506 0.551351333317331 0.881630321292423 "Z" "Unbias"
"155" "ITGA1" NA NA NA NA NA NA NA NA NA NA NA NA NA NA NA "NOT" NA -0.579959467365138 5.30046630597533 0.00438118743242202 0.108341757955914 "Z" "Unbias"
"156" "ITGA2" "ITGA2" 48975196 49042119 1 0 1 0 0 1 14981 66923 1 0 6.67512182097323e-05 6.67512182097323e-05 "DIF" 0 0.28451055501801 4.86714441626625 0.176839480610083 0.624543966589545 "Z" "Unbias"
"157" "JAK2" "JAK2" 63506797 63594739 0 0 6 0 0 1 8454 87942 1 0 0.000118287201324817 0.000118287201324817 "DIF" 0 0.0176655752168385 5.73629637870707 0.915927921173532 1 "Z" "Unbias"
"158" "JMY" "JMY" 58602658 58666117 0 0 2 0 2 1 8377 63459 3 0.00023874895547332 0.00011937447773666 0.00035812343320998 "DIF" 1 -0.0609337379281166 6.06619520242022 0.726265214156883 0.946385375120694 "Z" "Unbias"
"159" "KANK1" NA NA NA NA NA NA NA NA NA NA NA NA NA NA NA "NOT" NA -0.629760398900308 5.54284379402048 0.00047824879499744 0.0263860615077296 "Z" "Unbias"
"160" "KATNAL2" NA NA NA NA NA NA NA NA NA NA NA NA NA NA NA "NOT" NA 0.0202443621692284 5.96362785916905 0.900976912854229 1 "Z" "Unbias"
"161" "KDM4C" "KDM4C" 64065189 64312746 1 1 1 0 1 0 4347 247557 1 0.000230043708304578 0 0.000230043708304578 "DIF" 1 0.15972533449533 5.0919355957341 0.377795870524954 0.790772224182836 "Z" "Unbias"
"162" "KIAA0825" NA NA NA NA NA NA NA NA NA NA NA NA NA NA NA "NOT" NA 0.359061345233305 6.78803542020165 0.0303154462189757 0.286295995373472 "Z" "Unbias"
"163" "KIAA1328" "KIAA1328" 40183801 40359677 1 0 0 0 1 0 7329 175876 1 0.000136444262518761 0 0.000136444262518761 "DIF" 1 0.109321078832952 5.82935146711816 0.568214314695558 0.888180386070266 "Z" "Unbias"
"164" "KIAA2026" "KIAA2026" 63803187 63853533 5 0 3 1 1 0 11925 50346 1 8.38574423480084e-05 0 8.38574423480084e-05 "DIF" 1 0.109748929225101 7.55581084596631 0.480777928649529 0.853322263979928 "Z" "Unbias"
"165" "KIF24" NA NA NA NA NA NA NA NA NA NA NA NA NA NA NA "NOT" NA 0.135885579509145 8.93577608469847 0.358473094824357 0.782261873830933 "Z" "Unbias"
"166" "KIF27" NA NA NA NA NA NA NA NA NA NA NA NA NA NA NA "NOT" NA 0.279570539126912 8.30765907707039 0.0462782927540687 0.350614319150569 "Z" "Unbias"
"167" "KIF2A" NA NA NA NA NA NA NA NA NA NA NA NA NA NA NA "NOT" NA -0.457744989389291 8.92781221624423 0.00586733557732424 0.12741289367632 "Z" "Unbias"
"168" "KLF9" NA NA NA NA NA NA NA NA NA NA NA NA NA NA NA "NOT" NA -0.091654105911771 4.72159127176653 0.698992447470164 0.937000919760341 "Z" "Unbias"
"169" "LIFR" "LIFR" 45247582 45302959 0 2 1 0 1 1 10307 55377 2 9.70214417386242e-05 9.70214417386242e-05 0.000194042883477248 "DIF" 0.5 -0.384455440976331 5.4702419127264 0.0694301168093075 0.416404221180599 "Z" "Unbias"
"170" "LIPG" NA NA NA NA NA NA NA NA NA NA NA NA NA NA NA "NOT" NA -0.0368803257052321 5.56233988129278 0.869264400684113 0.992472888885313 "Z" "Unbias"
"171" "LMBRD2" NA NA NA NA NA NA NA NA NA NA NA NA NA NA NA "NOT" NA -0.225690624148994 4.91844943690181 0.231523036682396 0.681559864310211 "Z" "Unbias"
"172" "LOC100190031" NA NA NA NA NA NA NA NA NA NA NA NA NA NA NA "NOT" NA 0.546329967458027 5.05442747931974 0.00804369378881658 0.148118243725634 "Z" "Unbias"
"173" "LOC100217858" "LOC100217858" 35013774 35025733 0 0 0 0 0 1 1727 11959 1 0 0.000579038795599305 0.000579038795599305 "DIF" 0 0.157248422375557 5.31815322840144 0.389282674837719 0.79682883289793 "Z" "Unbias"
"174" "LOC100218271" NA NA NA NA NA NA NA NA NA NA NA NA NA NA NA "NOT" NA 0.409174027233393 3.6938015263318 0.33853025896015 0.769332524270827 "Z" "Unbias"
"175" "LOC100218959" NA NA NA NA NA NA NA NA NA NA NA NA NA NA NA "NOT" NA 0.116752034399141 6.63109354325852 0.414973814480214 0.815728444386524 "Z" "Unbias"
"176" "LOC100219485" NA NA NA NA NA NA NA NA NA NA NA NA NA NA NA "NOT" NA -0.328251723288166 4.28086677419152 0.167789479496477 0.61268840987668 "Z" "Unbias"
"177" "LOC100220412" NA NA NA NA NA NA NA NA NA NA NA NA NA NA NA "NOT" NA -0.210324049617907 1.84570714917537 0.589814732951184 0.897990735797305 "Z" "Unbias"
"178" "LOC100221074" NA NA NA NA NA NA NA NA NA NA NA NA NA NA NA "NOT" NA -0.353595293505608 5.65115437037668 0.0499574402598283 0.361165334043246 "Z" "Unbias"
"179" "LOC100221408" NA NA NA NA NA NA NA NA NA NA NA NA NA NA NA "NOT" NA -0.47889946299074 4.59155039271077 0.044619320557269 0.343920712129592 "Z" "Unbias"
"180" "LOC100221697" "LOC100221697" 34995141 35000474 0 0 0 0 1 0 2954 5333 1 0.0003385240352065 0 0.0003385240352065 "DIF" 1 -0.134426369946271 5.88756439476736 0.405357006132251 0.809100162317983 "Z" "Unbias"
"181" "LOC100221796" NA NA NA NA NA NA NA NA NA NA NA NA NA NA NA "NOT" NA 0.187065317336124 7.82882697714666 0.283713090365056 0.732820815552471 "Z" "Unbias"
"182" "LOC100221996" "LOC100221996" 56163894 56244161 0 0 4 0 0 3 13686 80267 3 0 0.000219202104340202 0.000219202104340202 "DIF" 0 0.344840038685796 5.77057732858517 0.0332410143989729 0.300299516584707 "Z" "Unbias"
"183" "LOC100222616" "LOC100222616" 62928264 62932371 2 0 0 0 1 0 2765 4107 1 0.000361663652802893 0 0.000361663652802893 "DIF" 1 0.0724019246245269 4.41964308122961 0.738576396266985 0.95114188355535 "Z" "Unbias"
"184" "LOC100222722" NA NA NA NA NA NA NA NA NA NA NA NA NA NA NA "NOT" NA 0.263641161102319 6.80824632452248 0.0829897053154307 0.452428013844339 "Z" "Unbias"
"185" "LOC100222802" NA NA NA NA NA NA NA NA NA NA NA NA NA NA NA "NOT" NA -1.73364487759668 1.8190382794303 1.15716920989734e-05 0.00157021703978001 "Z" "AB_bias"
"186" "LOC100223460" NA NA NA NA NA NA NA NA NA NA NA NA NA NA NA "NOT" NA 0.0722467802295022 4.8712942563433 0.784359254613804 0.966536940597445 "Z" "Unbias"
"187" "LOC100223901" NA NA NA NA NA NA NA NA NA NA NA NA NA NA NA "NOT" NA 0.363432369251134 3.99269219294428 0.197520320024245 0.648706012588882 "Z" "Unbias"
"188" "LOC100224449" NA NA NA NA NA NA NA NA NA NA NA NA NA NA NA "NOT" NA 0.0867226516873454 5.93556885611361 0.648167687047597 0.921742030607944 "Z" "Unbias"
"189" "LOC100224554" NA NA NA NA NA NA NA NA NA NA NA NA NA NA NA "NOT" NA -0.0676696654593165 6.22746997543815 0.655684882749509 0.923712307325148 "Z" "Unbias"
"190" "LOC100224709" NA NA NA NA NA NA NA NA NA NA NA NA NA NA NA "NOT" NA -0.199328032651862 6.63530702642229 0.166754734756969 0.611787733529305 "Z" "Unbias"
"191" "LOC100225249" NA NA NA NA NA NA NA NA NA NA NA NA NA NA NA "NOT" NA 0.00782519224342559 8.38875660761222 0.949011868207794 1 "Z" "Unbias"
"192" "LOC100225683" NA NA NA NA NA NA NA NA NA NA NA NA NA NA NA "NOT" NA -0.319372101919091 1.91092600988819 0.337034593561323 0.768197980606487 "Z" "Unbias"
"193" "LOC100226145" NA NA NA NA NA NA NA NA NA NA NA NA NA NA NA "NOT" NA 0.116188533633984 4.10867058552472 0.611018007675059 0.90772325306356 "Z" "Unbias"
"194" "LOC100226213" NA NA NA NA NA NA NA NA NA NA NA NA NA NA NA "NOT" NA -0.255085341822362 2.22746053433591 0.524729542016225 0.872355298297159 "Z" "Unbias"
"195" "LOC100227710" NA NA NA NA NA NA NA NA NA NA NA NA NA NA NA "NOT" NA -0.130604828500824 7.04959459278423 0.457453277970539 0.838955276287377 "Z" "Unbias"
"196" "LOC100228406" NA NA NA NA NA NA NA NA NA NA NA NA NA NA NA "NOT" NA -0.124431696688843 4.25465445271481 0.574473178340139 0.889638761676087 "Z" "Unbias"
"197" "LOC100229057" NA NA NA NA NA NA NA NA NA NA NA NA NA NA NA "NOT" NA -0.119051059722968 6.92316711283948 0.457946220233833 0.839119317577679 "Z" "Unbias"
"198" "LOC100229438" NA NA NA NA NA NA NA NA NA NA NA NA NA NA NA "NOT" NA 0.415039367566387 8.57134698994573 0.00416342280989399 0.10413975796288 "Z" "Unbias"
"199" "LOC100229949" NA NA NA NA NA NA NA NA NA NA NA NA NA NA NA "NOT" NA 0.860769781175391 5.82183393773027 0.00380636521889943 0.097535994086954 "Z" "Unbias"
"200" "LOC100230245" NA NA NA NA NA NA NA NA NA NA NA NA NA NA NA "NOT" NA 0.00899177209029438 5.04004682658816 0.959699062206547 1 "Z" "Unbias"
"201" "LOC100231488" NA NA NA NA NA NA NA NA NA NA NA NA NA NA NA "NOT" NA 0.91343808177742 5.5563391917194 0.000222362026267921 0.0158348081267876 "Z" "Unbias"
"202" "LOC100231574" NA NA NA NA NA NA NA NA NA NA NA NA NA NA NA "NOT" NA -0.240410935164627 3.29484315997807 0.360698890192015 0.783427934225679 "Z" "Unbias"
"203" "LOC101233669" "LOC101233669" 11911053 11929338 11 6 6 7 3 0 3209 18285 3 0.000934870676223122 0 0.000934870676223122 "DIF" 3 -1.4635918863523 5.45464774139739 9.95736804618899e-14 1.64026301343722e-10 "Z" "AB_bias"
"204" "LOC105760841" NA NA NA NA NA NA NA NA NA NA NA NA NA NA NA "NOT" NA -0.737778902385219 3.59799130258877 0.0128916736605247 0.186986023873598 "Z" "Unbias"
"205" "LOC105760853" NA NA NA NA NA NA NA NA NA NA NA NA NA NA NA "NOT" NA 0.630314911891337 5.5532918820939 0.00278211329243156 0.0798023591418615 "Z" "Unbias"
"206" "LOC105760877" "LOC105760877" 63385678 63392309 6 1 1 0 3 3 2507 6631 6 0.00119664938173115 0.00119664938173115 0.00239329876346231 "DIF" 0.75 -0.460158541745665 7.43715171861513 0.0206935557312613 0.239127641908399 "Z" "Unbias"
"207" "LOC105760879" "LOC105760879" 62937789 62939378 3 0 1 0 2 1 927 1589 3 0.00215749730312837 0.00107874865156419 0.00323624595469256 "DIF" 1 0.416488454617907 8.98698096424304 0.00585362873817613 0.12741289367632 "Z" "Unbias"
"208" "LOC115490699" NA NA NA NA NA NA NA NA NA NA NA NA NA NA NA "NOT" NA -0.552208910560514 3.18774808812036 0.156258334168096 0.595444432019932 "Z" "Unbias"
"209" "LOC115490934" "LOC115490934" 30157076 30158669 0 0 0 0 0 1 1348 1593 1 0 0.000741839762611276 0.000741839762611276 "DIF" 0 -0.196896561399957 3.00417369936594 0.536752396541783 0.877291549896995 "Z" "Unbias"
"210" "LOC115490958" "LOC115490958" 24351806 24352726 3 0 0 0 1 1 820 920 2 0.00121951219512195 0.00121951219512195 0.0024390243902439 "DIF" 0.5 -1.77202059103789 1.61846786983512 9.02665959786502e-06 0.00130108014778727 "Z" "AB_bias"
"211" "LOC115490962" NA NA NA NA NA NA NA NA NA NA NA NA NA NA NA "NOT" NA 0.0340283929689891 5.95499056979009 0.86040044454276 0.988227955897448 "Z" "Unbias"
"212" "LOC115490965" NA NA NA NA NA NA NA NA NA NA NA NA NA NA NA "NOT" NA 0.223006072352215 6.27417639984069 0.315861670305484 0.753319496822266 "Z" "Unbias"
"213" "LOC115490968" NA NA NA NA NA NA NA NA NA NA NA NA NA NA NA "NOT" NA 0.208074728762945 3.5803733518206 0.537846545178607 0.877534168513639 "Z" "Unbias"
"214" "LOC115490988" NA NA NA NA NA NA NA NA NA NA NA NA NA NA NA "NOT" NA 0.538894755321685 3.52579145453176 0.0888768929439395 0.46860514519276 "Z" "Unbias"
"215" "LOC115490998" NA NA NA NA NA NA NA NA NA NA NA NA NA NA NA "NOT" NA -0.378459566188248 2.61428348476322 0.333533314097165 0.76649386296206 "Z" "Unbias"
"216" "LOC115491004" NA NA NA NA NA NA NA NA NA NA NA NA NA NA NA "NOT" NA 1.13802063394983 0.941537744067496 0.0021012053519479 0.0669309362246167 "Z" "Unbias"
"217" "LOC115491011" NA NA NA NA NA NA NA NA NA NA NA NA NA NA NA "NOT" NA 0.344313217791205 5.42889631050365 0.0515084928533874 0.366133582771041 "Z" "Unbias"
"218" "LOC115491013" NA NA NA NA NA NA NA NA NA NA NA NA NA NA NA "NOT" NA 0.351834905830137 2.29728892976352 0.278408677594052 0.731542399712218 "Z" "Unbias"
"219" "LOC115491017" NA NA NA NA NA NA NA NA NA NA NA NA NA NA NA "NOT" NA -0.176305230660091 5.33105311528513 0.330215736775275 0.764452254702033 "Z" "Unbias"
"220" "LOC115491022" NA NA NA NA NA NA NA NA NA NA NA NA NA NA NA "NOT" NA -0.0696944330365416 5.19518423841258 0.808529374885061 0.973528454165784 "Z" "Unbias"
"221" "LOC115491039" NA NA NA NA NA NA NA NA NA NA NA NA NA NA NA "NOT" NA 0.390014979879443 6.72076048864016 0.184307105173195 0.634045171961189 "Z" "Unbias"
"222" "LOC115491049" NA NA NA NA NA NA NA NA NA NA NA NA NA NA NA "NOT" NA -0.382586088265153 7.61642919133196 0.064633715325219 0.404468336244117 "Z" "Unbias"
"223" "LOC115491055" NA NA NA NA NA NA NA NA NA NA NA NA NA NA NA "NOT" NA 0.685689741414516 -0.332944018058402 0.112525919293679 0.515509088349391 "Z" "Unbias"
"224" "LOC115491059" NA NA NA NA NA NA NA NA NA NA NA NA NA NA NA "NOT" NA 0.640919342471616 3.26189328519014 0.0253192833984461 0.2637774932709 "Z" "Unbias"
"225" "LOC115491068" NA NA NA NA NA NA NA NA NA NA NA NA NA NA NA "NOT" NA -0.369150357221957 1.98703489083416 0.278167972529875 0.731542399712218 "Z" "Unbias"
"226" "LOC115491081" NA NA NA NA NA NA NA NA NA NA NA NA NA NA NA "NOT" NA 0.0874743637579157 4.61874827594539 0.670457159796068 0.92742792568967 "Z" "Unbias"
"227" "LOC115491084" NA NA NA NA NA NA NA NA NA NA NA NA NA NA NA "NOT" NA 0.292168320540349 3.74148101643831 0.280331134652926 0.731779031983962 "Z" "Unbias"
"228" "LOC115491085" NA NA NA NA NA NA NA NA NA NA NA NA NA NA NA "NOT" NA 1.31111798158843 5.11542343539263 9.84066814141871e-09 4.93359757994344e-06 "Z" "AA_bias"
"229" "LOC115491093" NA NA NA NA NA NA NA NA NA NA NA NA NA NA NA "NOT" NA 0.619658533969771 6.3310727414465 0.141227049286394 0.572853526343476 "Z" "Unbias"
"230" "LOC115491097" NA NA NA NA NA NA NA NA NA NA NA NA NA NA NA "NOT" NA -0.130499575412737 4.10125678833715 0.748708895155522 0.954897147271303 "Z" "Unbias"
"231" "LOC115491099" NA NA NA NA NA NA NA NA NA NA NA NA NA NA NA "NOT" NA -0.438505807019391 3.19688059173264 0.172041687382736 0.617433145723724 "Z" "Unbias"
"232" "LOC115491102" NA NA NA NA NA NA NA NA NA NA NA NA NA NA NA "NOT" NA 0.939607715650153 6.11318519825792 0.0130449090713895 0.188497301381193 "Z" "Unbias"
"233" "LOC115491103" NA NA NA NA NA NA NA NA NA NA NA NA NA NA NA "NOT" NA -0.395852933481064 4.25481388154169 0.623284269617975 0.912407908773285 "Z" "Unbias"
"234" "LOC115491111" NA NA NA NA NA NA NA NA NA NA NA NA NA NA NA "NOT" NA 0.13593603108946 5.13189181131466 0.441222623770793 0.828891833610462 "Z" "Unbias"
"235" "LOC115491113" NA NA NA NA NA NA NA NA NA NA NA NA NA NA NA "NOT" NA 0.358074690569738 8.48343266235953 0.107434075231417 0.506054869891124 "Z" "Unbias"
"236" "LOC115491124" "LOC115491124" 30719441 30722225 0 0 0 0 1 0 2085 2784 1 0.000479616306954436 0 0.000479616306954436 "DIF" 1 0.354803579815003 4.83531023726009 0.19484907737802 0.645073231682416 "Z" "Unbias"
"237" "LOC115491125" "LOC115491125" 32040080 32058967 1 0 0 0 1 1 2345 18887 2 0.000426439232409382 0.000426439232409382 0.000852878464818763 "DIF" 0.5 0.619036070334769 5.48015912967742 0.00869298160065558 0.152153223358229 "Z" "Unbias"
"238" "LOC115491134" NA NA NA NA NA NA NA NA NA NA NA NA NA NA NA "NOT" NA -0.392711953717192 2.71936837502008 0.469175031859767 0.846491281278061 "Z" "Unbias"
"239" "LOC115491168" NA NA NA NA NA NA NA NA NA NA NA NA NA NA NA "NOT" NA 0.110220861101269 7.04361480205427 0.669859655823717 0.927170232814475 "Z" "Unbias"
"240" "LOC115491169" NA NA NA NA NA NA NA NA NA NA NA NA NA NA NA "NOT" NA 0.897357605385814 4.92556568223119 0.0849169454394113 0.458330821997496 "Z" "Unbias"
"241" "LOC115491170" NA NA NA NA NA NA NA NA NA NA NA NA NA NA NA "NOT" NA -0.0328746241585575 6.7921993513402 0.852781697336355 0.986836604177678 "Z" "Unbias"
"242" "LOC115491171" NA NA NA NA NA NA NA NA NA NA NA NA NA NA NA "NOT" NA -3.00192657293709 1.32043992233115 9.85178474674348e-10 6.31116277303884e-07 "Z" "AB_bias"
"243" "LOC115491178" NA NA NA NA NA NA NA NA NA NA NA NA NA NA NA "NOT" NA 0.738416572179509 5.1397986284395 0.0445751767580505 0.343810276386007 "Z" "Unbias"
"244" "LOC115491179" NA NA NA NA NA NA NA NA NA NA NA NA NA NA NA "NOT" NA 0.165682652894384 1.39772254869132 0.642814502397897 0.918727569056786 "Z" "Unbias"
"245" "LOC115491206" NA NA NA NA NA NA NA NA NA NA NA NA NA NA NA "NOT" NA -0.571316640308971 3.92262517824118 0.0505135763061106 0.363137187272919 "Z" "Unbias"
"246" "LOC115491209" NA NA NA NA NA NA NA NA NA NA NA NA NA NA NA "NOT" NA -0.628066302192705 5.28792034547501 0.00700533902197352 0.138384627617874 "Z" "Unbias"
"247" "LOC115491213" NA NA NA NA NA NA NA NA NA NA NA NA NA NA NA "NOT" NA 0.195657576905317 3.6724417286372 0.63386967207137 0.915474848278428 "Z" "Unbias"
"248" "LOC115491217" NA NA NA NA NA NA NA NA NA NA NA NA NA NA NA "NOT" NA 0.333996103325341 2.84153208489697 0.236041608206357 0.687466131699923 "Z" "Unbias"
"249" "LOC115491220" NA NA NA NA NA NA NA NA NA NA NA NA NA NA NA "NOT" NA -0.480967062204672 0.563912533286194 0.288961974143116 0.736439564502731 "Z" "Unbias"
"250" "LOC115491226" NA NA NA NA NA NA NA NA NA NA NA NA NA NA NA "NOT" NA -0.230653386296544 1.05762470942653 0.773413403014388 0.96198789431011 "Z" "Unbias"
"251" "LOC115491242" "LOC115491242" 32008270 32023745 10 8 3 4 2 1 2657 15475 3 0.000752728641324802 0.000376364320662401 0.0011290929619872 "DIF" 1 0.807864555585386 3.77446128266928 0.00401409610885857 0.101920189907361 "Z" "Unbias"
"252" "LOC115491256" NA NA NA NA NA NA NA NA NA NA NA NA NA NA NA "NOT" NA -0.921179811318375 4.3657804015441 0.0586868448997633 0.390264134105635 "Z" "Unbias"
"253" "LOC115491257" NA NA NA NA NA NA NA NA NA NA NA NA NA NA NA "NOT" NA 0.16617710224813 5.2857967148683 0.354043354014077 0.778553695626903 "Z" "Unbias"
"254" "LOC115491268" NA NA NA NA NA NA NA NA NA NA NA NA NA NA NA "NOT" NA 0.055720079497437 1.01023807783717 0.878387494827654 0.99564531122368 "Z" "Unbias"
"255" "LOC115491283" NA NA NA NA NA NA NA NA NA NA NA NA NA NA NA "NOT" NA 0.0895272156229807 4.01408823497887 0.706478337563903 0.938744411447123 "Z" "Unbias"
"256" "LOC115491289" NA NA NA NA NA NA NA NA NA NA NA NA NA NA NA "NOT" NA 0 -4.60341216511213 1 1 "Z" "Unbias"
"257" "LOC115491290" NA NA NA NA NA NA NA NA NA NA NA NA NA NA NA "NOT" NA -0.139818407119717 -1.45046472840278 0.817389586228259 0.975202152634099 "Z" "Unbias"
"258" "LOC115491294" NA NA NA NA NA NA NA NA NA NA NA NA NA NA NA "NOT" NA 0 -4.60341216511213 1 1 "Z" "Unbias"
"259" "LOC115491296" NA NA NA NA NA NA NA NA NA NA NA NA NA NA NA "NOT" NA -1.86186332809339 -3.68774344757095 0.281589639128071 0.732418251893417 "Z" "Unbias"
"260" "LOC115498245" NA NA NA NA NA NA NA NA NA NA NA NA NA NA NA "NOT" NA 0.100615081341035 3.52170233393508 0.691657582257764 0.93477253066756 "Z" "Unbias"
"261" "LOC116806615" NA NA NA NA NA NA NA NA NA NA NA NA NA NA NA "NOT" NA 1.11099925825973 9.81164791416366 1.13245621314835e-06 0.000247034650330673 "Z" "AA_bias"
"262" "LOC116806640" NA NA NA NA NA NA NA NA NA NA NA NA NA NA NA "NOT" NA -0.204147381998316 7.95250358918405 0.265979461925117 0.718519745837947 "Z" "Unbias"
"263" "LOC116806649" NA NA NA NA NA NA NA NA NA NA NA NA NA NA NA "NOT" NA 0.191360706763039 2.0204669421413 0.577736072635527 0.892305174992143 "Z" "Unbias"
"264" "LOC116806754" NA NA NA NA NA NA NA NA NA NA NA NA NA NA NA "NOT" NA -0.232346307880493 2.70822241773053 0.438225328517068 0.827904348635934 "Z" "Unbias"
"265" "LOC116806757" NA NA NA NA NA NA NA NA NA NA NA NA NA NA NA "NOT" NA -0.532963579211297 5.29964237923871 0.174152775700213 0.619234206163174 "Z" "Unbias"
"266" "LOC116806769" NA NA NA NA NA NA NA NA NA NA NA NA NA NA NA "NOT" NA 0.164204778019262 5.49343167048275 0.425098820136749 0.821212011224133 "Z" "Unbias"
"267" "LOC116806788" NA NA NA NA NA NA NA NA NA NA NA NA NA NA NA "NOT" NA -0.125531528110332 5.5578997298074 0.762106433329435 0.9598584462398 "Z" "Unbias"
"268" "LOC116806790" NA NA NA NA NA NA NA NA NA NA NA NA NA NA NA "NOT" NA 0.506287531245756 2.92352884696054 0.103063381333628 0.499128034505696 "Z" "Unbias"
"269" "LOC116806847" NA NA NA NA NA NA NA NA NA NA NA NA NA NA NA "NOT" NA 0.0671397044007649 3.68621633349386 0.83904077741758 0.982979243471148 "Z" "Unbias"
"270" "LOC116807240" "LOC116807240" 58182748 58223849 19 24 11 12 3 1 8523 41101 4 0.000351988736360436 0.000117329578786812 0.000469318315147249 "DIF" 1.5 -0.483743879769272 8.95799234731497 0.00787595476135149 0.145860226255861 "Z" "Unbias"
"271" "LOC116807245" NA NA NA NA NA NA NA NA NA NA NA NA NA NA NA "NOT" NA -1.18894447501155 5.3054126929851 7.75872931086073e-10 5.56682577698175e-07 "Z" "AB_bias"
"272" "LOC116807250" NA NA NA NA NA NA NA NA NA NA NA NA NA NA NA "NOT" NA -1.66112295007392 4.97805437834667 6.10470538432138e-08 2.42735716505551e-05 "Z" "AB_bias"
"273" "LOC116807261" NA NA NA NA NA NA NA NA NA NA NA NA NA NA NA "NOT" NA -0.0901807560698813 6.35068215093917 0.690805924110508 0.934390980752876 "Z" "Unbias"
"274" "LOC116807934" NA NA NA NA NA NA NA NA NA NA NA NA NA NA NA "NOT" NA -0.187146755727975 4.08721359376966 0.540414690149333 0.877883393943731 "Z" "Unbias"
"275" "LOC116808085" NA NA NA NA NA NA NA NA NA NA NA NA NA NA NA "NOT" NA 0.0147733940826693 4.82800572957134 0.950131953610866 1 "Z" "Unbias"
"276" "LOC116808147" NA NA NA NA NA NA NA NA NA NA NA NA NA NA NA "NOT" NA 0.706744343626772 8.54025567528918 0.000876610697791822 0.0393315095573444 "Z" "Unbias"
"277" "LOC121468097" NA NA NA NA NA NA NA NA NA NA NA NA NA NA NA "NOT" NA 0.689756056406453 0.733086454847242 0.0812522055579804 0.446790263371041 "Z" "Unbias"
"278" "LOC121468098" NA NA NA NA NA NA NA NA NA NA NA NA NA NA NA "NOT" NA -4.77569883372405 4.59664810053393 8.11608636639895e-31 9.35865918909463e-27 "Z" "AB_bias"
"279" "LOC121468109" NA NA NA NA NA NA NA NA NA NA NA NA NA NA NA "NOT" NA -1.11390731404706 2.7599006792739 0.00438252109678471 0.108341757955914 "Z" "Unbias"
"280" "LOC121468112" NA NA NA NA NA NA NA NA NA NA NA NA NA NA NA "NOT" NA 0 -4.60341216511213 1 1 "Z" "Unbias"
"281" "LOC121468129" NA NA NA NA NA NA NA NA NA NA NA NA NA NA NA "NOT" NA 1.09361712234889 7.50406363053266 0.0293533442162609 0.281357782342232 "Z" "Unbias"
"282" "LOC121468130" NA NA NA NA NA NA NA NA NA NA NA NA NA NA NA "NOT" NA 0.221542273321655 5.58555704248038 0.632165215607299 0.914387493874531 "Z" "Unbias"
"283" "LOC121468134" NA NA NA NA NA NA NA NA NA NA NA NA NA NA NA "NOT" NA -0.0698421059420791 5.74087462808174 0.740691637156658 0.951163547673125 "Z" "Unbias"
"284" "LOC121468137" NA NA NA NA NA NA NA NA NA NA NA NA NA NA NA "NOT" NA 0.75360764271098 1.56283317836383 0.062481789286705 0.398714727318758 "Z" "Unbias"
"285" "LOC121468138" NA NA NA NA NA NA NA NA NA NA NA NA NA NA NA "NOT" NA -0.0222564565597106 1.91726651741654 0.967010010420918 1 "Z" "Unbias"
"286" "LOC121468145" NA NA NA NA NA NA NA NA NA NA NA NA NA NA NA "NOT" NA -0.317644097079151 4.2870473754545 0.227769551790485 0.68059359981759 "Z" "Unbias"
"287" "LOC121468176" NA NA NA NA NA NA NA NA NA NA NA NA NA NA NA "NOT" NA 0.0520405717245545 2.66330389965744 0.863153352736987 0.98936593542845 "Z" "Unbias"
"288" "LOC121468177" NA NA NA NA NA NA NA NA NA NA NA NA NA NA NA "NOT" NA 0.250565365174247 0.989103921445193 0.48135459832333 0.853322263979928 "Z" "Unbias"
"289" "LOC121468178" NA NA NA NA NA NA NA NA NA NA NA NA NA NA NA "NOT" NA -0.12161732019394 5.11184021571304 0.718552829918327 0.942267156561774 "Z" "Unbias"
"290" "LOC121468180" NA NA NA NA NA NA NA NA NA NA NA NA NA NA NA "NOT" NA 0.421551052801239 3.02506984199662 0.141299192647805 0.572879249402598 "Z" "Unbias"
"291" "LOC121468190" NA NA NA NA NA NA NA NA NA NA NA NA NA NA NA "NOT" NA 1.2531051253608 0.46584047286451 0.0177870237714959 0.220440582177808 "Z" "Unbias"
"292" "LOC121468202" NA NA NA NA NA NA NA NA NA NA NA NA NA NA NA "NOT" NA -0.269701396148801 2.06755355113418 0.411508547443169 0.813632554966937 "Z" "Unbias"
"293" "LOC121468205" NA NA NA NA NA NA NA NA NA NA NA NA NA NA NA "NOT" NA 0.735698171925032 2.158013200717 0.018995401767505 0.230079808593593 "Z" "Unbias"
"294" "LOC121468224" NA NA NA NA NA NA NA NA NA NA NA NA NA NA NA "NOT" NA 1.28633241933569 4.01407618059258 0.00205522785868639 0.0667271178545212 "Z" "Unbias"
"295" "LOX" NA NA NA NA NA NA NA NA NA NA NA NA NA NA NA "NOT" NA -0.527112896679619 4.1996860826842 0.0577810357112618 0.386693629011352 "Z" "Unbias"
"296" "LPL" NA NA NA NA NA NA NA NA NA NA NA NA NA NA NA "NOT" NA -1.43164793442737 5.54075649704099 1.80682453499146e-06 0.000378808976599756 "Z" "AB_bias"
"297" "LSM5" NA NA NA NA NA NA NA NA NA NA NA NA NA NA NA "NOT" NA -0.0470282785969287 5.62230877528256 0.789475060368233 0.968599794551402 "Z" "Unbias"
"298" "LURAP1L" NA NA NA NA NA NA NA NA NA NA NA NA NA NA NA "NOT" NA -0.1881821369106 1.60689562542626 0.651764807161321 0.922553464245494 "Z" "Unbias"
"299" "LYRM7" NA NA NA NA NA NA NA NA NA NA NA NA NA NA NA "NOT" NA -0.235993913426953 3.86454593527149 0.389999648928422 0.79767292672793 "Z" "Unbias"
"300" "LYSMD3" NA NA NA NA NA NA NA NA NA NA NA NA NA NA NA "NOT" NA -0.252169188134042 4.75232303201745 0.201205435249871 0.65069563671913 "Z" "Unbias"
"301" "MACIR" "MACIR" 19002876 19020665 9 4 6 0 0 1 14233 17789 1 0 7.02592566570646e-05 7.02592566570646e-05 "DIF" 0 -0.0876818012954693 5.92091986272356 0.631677422074862 0.914241957048797 "Z" "Unbias"
"302" "MAMDC2" NA NA NA NA NA NA NA NA NA NA NA NA NA NA NA "NOT" NA 0.472466213349312 3.5992996494767 0.101311790661913 0.49585155268358 "Z" "Unbias"
"303" "MAN2A1" NA NA NA NA NA NA NA NA NA NA NA NA NA NA NA "NOT" NA -0.0231942534235148 4.27437730791403 0.923469127226897 1 "Z" "Unbias"
"304" "MAP3K1" "MAP3K1" 50463251 50567501 5 0 2 0 2 3 7917 104250 5 0.000252620942276115 0.000378931413414172 0.000631552355690287 "DIF" 0.5 0.0370537453673386 5.36949447733896 0.83848382599359 0.982576930643505 "Z" "Unbias"
"305" "MAST4" "MAST4" 54073124 54351248 1 1 0 0 0 1 10825 278124 1 0 9.2378752886836e-05 9.2378752886836e-05 "DIF" 0 -0.322386943592009 6.83951885316304 0.0242227717646932 0.260310140930733 "Z" "Unbias"
"306" "MBLAC2" NA NA NA NA NA NA NA NA NA NA NA NA NA NA NA "NOT" NA -0.220816217660386 4.51971995694178 0.281428566665558 0.732209567288031 "Z" "Unbias"
"307" "MCC" "MCC" 22648364 22829928 1 1 1 0 0 1 6748 181564 1 0 0.00014819205690575 0.00014819205690575 "DIF" 0 -0.350350901858573 4.67407490929944 0.122497955324942 0.535655640065191 "Z" "Unbias"
"308" "MCCC2" NA NA NA NA NA NA NA NA NA NA NA NA NA NA NA "NOT" NA 0.00221086408671465 5.101737333887 0.98522805519072 1 "Z" "Unbias"
"309" "ME2" NA NA NA NA NA NA NA NA NA NA NA NA NA NA NA "NOT" NA 0.00425456423217271 6.46621494315309 0.975549331138522 1 "Z" "Unbias"
"310" "MED18" NA NA NA NA NA NA NA NA NA NA NA NA NA NA NA "NOT" NA -0.440859675961174 2.43084222831168 0.143030725185563 0.574286637778761 "Z" "Unbias"
"311" "MIER3" "MIER3" 50583831 50606763 1 0 1 0 1 0 5603 22932 1 0.000178475816526861 0 0.000178475816526861 "DIF" 1 -0.170239322007414 5.85713027763068 0.301640524475319 0.745717244864322 "Z" "Unbias"
"312" "MIR101-1" NA NA NA NA NA NA NA NA NA NA NA NA NA NA NA "NOT" NA 0 -4.60341216511213 1 1 "Z" "Unbias"
"313" "MIR204-1" NA NA NA NA NA NA NA NA NA NA NA NA NA NA NA "NOT" NA 0 -4.60341216511213 1 1 "Z" "Unbias"
"314" "MIR2131" NA NA NA NA NA NA NA NA NA NA NA NA NA NA NA "NOT" NA -1.79725661462202 -4.46544976278966 1 1 "Z" "Unbias"
"315" "MIR23" NA NA NA NA NA NA NA NA NA NA NA NA NA NA NA "NOT" NA 0 -4.60341216511213 1 1 "Z" "Unbias"
"316" "MIR24" NA NA NA NA NA NA NA NA NA NA NA NA NA NA NA "NOT" NA 0.451253176586173 -3.33697160413071 0.66087439375828 0.925096580723975 "Z" "Unbias"
"317" "MIR27" NA NA NA NA NA NA NA NA NA NA NA NA NA NA NA "NOT" NA 0 -4.60341216511213 1 1 "Z" "Unbias"
"318" "MIR2954" NA NA NA NA NA NA NA NA NA NA NA NA NA NA NA "NOT" NA -0.403961930736314 -3.83525708849041 0.8708233952529 0.992953830425696 "Z" "Unbias"
"319" "MIR2973" NA NA NA NA NA NA NA NA NA NA NA NA NA NA NA "NOT" NA 0 -4.60341216511213 1 1 "Z" "Unbias"
"320" "MIR2992" NA NA NA NA NA NA NA NA NA NA NA NA NA NA NA "NOT" NA 0 -4.60341216511213 1 1 "Z" "Unbias"
"321" "MIR31" NA NA NA NA NA NA NA NA NA NA NA NA NA NA NA "NOT" NA 0 -4.60341216511213 1 1 "Z" "Unbias"
"322" "MIR7-1" NA NA NA NA NA NA NA NA NA NA NA NA NA NA NA "NOT" NA 0 -4.60341216511213 1 1 "Z" "Unbias"
"323" "MIR9-2" NA NA NA NA NA NA NA NA NA NA NA NA NA NA NA "NOT" NA 0 -4.60341216511213 1 1 "Z" "Unbias"
"324" "MOCS2" "MOCS2" 49047758 49056166 0 0 0 0 1 0 1530 8408 1 0.00065359477124183 0 0.00065359477124183 "DIF" 1 -0.0826281963206351 4.17070259421843 0.737948056917568 0.950931498046016 "Z" "Unbias"
"325" "MPDZ" NA NA NA NA NA NA NA NA NA NA NA NA NA NA NA "NOT" NA -0.00449768062016768 6.01139196297462 0.983731548661361 1 "Z" "Unbias"
"326" "MRPL17" NA NA NA NA NA NA NA NA NA NA NA NA NA NA NA "NOT" NA -0.0494498550944525 6.15283020444269 0.793232555152397 0.97014689995764 "Z" "Unbias"
"327" "MRPS27" "MRPS27" 61557429 61599909 1 0 0 0 0 2 1481 42480 2 0 0.00135043889264011 0.00135043889264011 "DIF" 0 -0.207324567020943 5.59970193116341 0.233892264283441 0.684529100657987 "Z" "Unbias"
"328" "MRPS30" NA NA NA NA NA NA NA NA NA NA NA NA NA NA NA "NOT" NA -0.103633870038863 5.88669563866156 0.547478917379486 0.880103080482763 "Z" "Unbias"
"329" "MRPS36" NA NA NA NA NA NA NA NA NA NA NA NA NA NA NA "NOT" NA 0.243124956191693 5.11222244613347 0.168868872875397 0.614028246022099 "Z" "Unbias"
"330" "MTMR12" NA NA NA NA NA NA NA NA NA NA NA NA NA NA NA "NOT" NA -0.270447630199081 3.99522260394938 0.339543032944504 0.770250863145963 "Z" "Unbias"
"331" "MTREX" "MTREX" 49922831 49966523 0 0 0 0 0 1 4965 43692 1 0 0.000201409869083585 0.000201409869083585 "DIF" 0 0.180762369181273 7.82777376459308 0.19383888897628 0.643210425549781 "Z" "Unbias"
"332" "MTX3" NA NA NA NA NA NA NA NA NA NA NA NA NA NA NA "NOT" NA 0.157749730594029 5.99687999672634 0.345752943903556 0.773864080375858 "Z" "Unbias"
"333" "NAA35" NA NA NA NA NA NA NA NA NA NA NA NA NA NA NA "NOT" NA 0.392452067310531 6.40894950236501 0.00673074306775019 0.13595794066515 "Z" "Unbias"
"334" "NADK2" NA NA NA NA NA NA NA NA NA NA NA NA NA NA NA "NOT" NA -0.336213501479926 4.54331508466449 0.120779381755001 0.531973663490036 "Z" "Unbias"
"335" "NANS" NA NA NA NA NA NA NA NA NA NA NA NA NA NA NA "NOT" NA -0.247713003179213 5.18252361140008 0.161239020314537 0.602788294623791 "Z" "Unbias"
"336" "NCBP1" "NCBP1" 34306938 34338210 0 0 0 0 0 2 4764 31272 2 0 0.000419815281276238 0.000419815281276238 "DIF" 0 -0.172171012970501 6.67870117601897 0.238499953501804 0.688608489196156 "Z" "Unbias"
"337" "NDUFAF2" "NDUFAF2" 52036056 52088074 0 0 0 0 0 1 1497 52018 1 0 0.000668002672010688 0.000668002672010688 "DIF" 0 -0.149687316144729 3.46008497279357 0.591546627205278 0.898671283698633 "Z" "Unbias"
"338" "NDUFS4" NA NA NA NA NA NA NA NA NA NA NA NA NA NA NA "NOT" NA 0.0672823903539457 5.20582054663563 0.69954269913219 0.937046289821776 "Z" "Unbias"
"339" "NFIB" "NFIB" 67059101 67229064 1 0 0 1 1 0 9030 169963 1 0.000110741971207087 0 0.000110741971207087 "DIF" 1 -0.116514350627588 5.81783101606462 0.540863738268793 0.878010766878907 "Z" "Unbias"
"340" "NFIL3" NA NA NA NA NA NA NA NA NA NA NA NA NA NA NA "NOT" NA -0.323516022656294 4.93372052977059 0.282245427850697 0.732557423655535 "Z" "Unbias"
"341" "NIPBL" NA NA NA NA NA NA NA NA NA NA NA NA NA NA NA "NOT" NA -0.0203476068720492 7.22504485045137 0.889144269907511 0.997637693519851 "Z" "Unbias"
"342" "NMRK1" "NMRK1" 13726040 13735545 8 0 3 0 1 1 2923 9505 2 0.000342114266164899 0.000342114266164899 0.000684228532329798 "DIF" 0.5 -0.164425012551216 4.14484821504355 0.486077193459941 0.855853496315949 "Z" "Unbias"
"343" "NNT" NA NA NA NA NA NA NA NA NA NA NA NA NA NA NA "NOT" NA -0.118322448969523 5.47740761636179 0.531852099307834 0.875966516958318 "Z" "Unbias"
"344" "NOL6" "NOL6" 40517332 40544106 1 0 0 1 0 1 3691 26774 1 0 0.000270929287455974 0.000270929287455974 "DIF" 0 0.0373875473560851 5.7893101333655 0.833991529665358 0.981063264238343 "Z" "Unbias"
"345" "NSA2" "NSA2" 60513706 60519297 1 0 1 0 0 1 1001 5591 1 0 0.000999000999000999 0.000999000999000999 "DIF" 0 0.0816118079489752 6.87222342853545 0.569768442392406 0.888317997461714 "Z" "Unbias"
"346" "NTRK2" "NTRK2" 55072224 55265363 0 0 0 0 0 1 20824 193139 1 0 4.80215136381099e-05 4.80215136381099e-05 "DIF" 0 -0.585123191174737 5.42169356386425 0.0473176100006459 0.354989824930025 "Z" "Unbias"
"347" "NUDT12" NA NA NA NA NA NA NA NA NA NA NA NA NA NA NA "NOT" NA -0.413747592775902 4.96467336652655 0.0451434092291396 0.346803494086231 "Z" "Unbias"
"348" "NUDT2" NA NA NA NA NA NA NA NA NA NA NA NA NA NA NA "NOT" NA 0.640818002084019 4.01830858852285 0.00571795845020022 0.126357547788122 "Z" "Unbias"
"349" "NUP155" NA NA NA NA NA NA NA NA NA NA NA NA NA NA NA "NOT" NA -0.0647309857159443 6.51694641521451 0.658456516139121 0.92410096749263 "Z" "Unbias"
"350" "OSMR" NA NA NA NA NA NA NA NA NA NA NA NA NA NA NA "NOT" NA 0.339629417971527 5.68287575258842 0.0898431750000647 0.46999731732201 "Z" "Unbias"
"351" "OSTF1" NA NA NA NA NA NA NA NA NA NA NA NA NA NA NA "NOT" NA -0.208623173560946 5.29130092522163 0.241299758329 0.691658239622915 "Z" "Unbias"
"352" "OXCT1" "OXCT1" 46412371 46491189 1 0 1 0 1 0 9524 78818 1 0.000104997900041999 0 0.000104997900041999 "DIF" 1 0.121316465489165 5.73751962264953 0.507023611839105 0.862324047300134 "Z" "Unbias"
"353" "PAIP1" NA NA NA NA NA NA NA NA NA NA NA NA NA NA NA "NOT" NA 0.198271175216294 6.12746816520348 0.277221371708803 0.730781301416288 "Z" "Unbias"
"354" "PALM2AKAP2" NA NA NA NA NA NA NA NA NA NA NA NA NA NA NA "NOT" NA -0.145420560525316 7.42710397954526 0.34831634048441 0.775032000602305 "Z" "Unbias"
"355" "PAM" "PAM" 18815649 18931899 0 0 2 0 1 0 4164 116250 1 0.000240153698366955 0 0.000240153698366955 "DIF" 1 -0.267678331202457 5.05742976696082 0.148220242397182 0.582094966401592 "Z" "Unbias"
"356" "PARP8" NA NA NA NA NA NA NA NA NA NA NA NA NA NA NA "NOT" NA -0.0126455979980161 5.50356759262369 0.947733959217592 1 "Z" "Unbias"
"357" "PCGF3" NA NA NA NA NA NA NA NA NA NA NA NA NA NA NA "NOT" NA 0.100449356834604 5.92962816975189 0.522923614047332 0.871111267492023 "Z" "Unbias"
"358" "PCSK5" NA NA NA NA NA NA NA NA NA NA NA NA NA NA NA "NOT" NA -0.0541874980159654 4.57396191266959 0.818449617803894 0.975456593581055 "Z" "Unbias"
"359" "PDZD2" NA NA NA NA NA NA NA NA NA NA NA NA NA NA NA "NOT" NA 0.0754428256452946 6.12996177588566 0.642230907811609 0.918260092292422 "Z" "Unbias"
"360" "PELO" NA NA NA NA NA NA NA NA NA NA NA NA NA NA NA "NOT" NA -0.0648022702256892 7.01901324146507 0.727025565159204 0.946882782005403 "Z" "Unbias"
"361" "PGGT1B" "PGGT1B" 30158662 30196595 1 0 0 0 1 0 5404 37933 1 0.000185048112509252 0 0.000185048112509252 "DIF" 1 -0.268218721112592 4.60871452601624 0.189021124522115 0.637386099223656 "Z" "Unbias"
"362" "PGM5" "PGM5" 61816563 61885756 1 0 0 0 0 1 3256 69193 1 0 0.000307125307125307 0.000307125307125307 "DIF" 0 -0.0842448184217012 6.37667985513766 0.673240242790217 0.928728988072684 "Z" "Unbias"
"363" "PIAS2" NA NA NA NA NA NA NA NA NA NA NA NA NA NA NA "NOT" NA -0.256017605757568 4.52766528478431 0.284655377699196 0.733324655998533 "Z" "Unbias"
"364" "PIGG" NA NA NA NA NA NA NA NA NA NA NA NA NA NA NA "NOT" NA -0.0855947435081681 7.61880399365812 0.663577610274918 0.92586331768099 "Z" "Unbias"
"365" "PIGO" NA NA NA NA NA NA NA NA NA NA NA NA NA NA NA "NOT" NA -0.233700015610035 5.64722213242554 0.179902065428526 0.627607819655077 "Z" "Unbias"
"366" "PIK3C3" NA NA NA NA NA NA NA NA NA NA NA NA NA NA NA "NOT" NA 0.0756037299889196 7.68435669445502 0.575910798061318 0.890549471965275 "Z" "Unbias"
"367" "PIK3R1" NA NA NA NA NA NA NA NA NA NA NA NA NA NA NA "NOT" NA 0.162417119160445 5.52042760470637 0.364954027042355 0.784505008524245 "Z" "Unbias"
"368" "PIP5K1B" NA NA NA NA NA NA NA NA NA NA NA NA NA NA NA "NOT" NA 0.375002221460633 5.21290336821965 0.033560553505665 0.301391543982728 "Z" "Unbias"
"369" "PJA2" NA NA NA NA NA NA NA NA NA NA NA NA NA NA NA "NOT" NA -0.00181300844480955 8.08462464039857 0.994658357149081 1 "Z" "Unbias"
"370" "PLAA" NA NA NA NA NA NA NA NA NA NA NA NA NA NA NA "NOT" NA -0.195277010355306 5.10218115378901 0.297547575758163 0.741251969339686 "Z" "Unbias"
"371" "PLIN2" NA NA NA NA NA NA NA NA NA NA NA NA NA NA NA "NOT" NA 0.0418184099077564 6.19916459160016 0.804044332084137 0.973177554401689 "Z" "Unbias"
"372" "PLK2" NA NA NA NA NA NA NA NA NA NA NA NA NA NA NA "NOT" NA -0.693322719072208 3.7083671624474 0.0181164097799851 0.223422803393592 "Z" "Unbias"
"373" "PLPP1" NA NA NA NA NA NA NA NA NA NA NA NA NA NA NA "NOT" NA 0.276156933664922 5.83836574982983 0.120916999071054 0.532247406710662 "Z" "Unbias"
"374" "POC5" "POC5" 60134705 60163319 0 1 0 0 1 0 2632 28614 1 0.000379939209726444 0 0.000379939209726444 "DIF" 1 0.296908155483232 8.53778232794964 0.029072589997697 0.280336444938098 "Z" "Unbias"
"375" "POLK" "POLK" 60192954 60223712 1 0 1 0 3 0 4601 30758 3 0.000652032166920235 0 0.000652032166920235 "DIF" 3 0.150012550839268 6.59556108455554 0.38078253453393 0.794124063349558 "Z" "Unbias"
"376" "PPIC" NA NA NA NA NA NA NA NA NA NA NA NA NA NA NA "NOT" NA -0.474926282395707 5.27830377791633 0.0498309730394462 0.360958274793839 "Z" "Unbias"
"377" "PPIP5K2" NA NA NA NA NA NA NA NA NA NA NA NA NA NA NA "NOT" NA 0.244163916752698 8.78816243264562 0.0919351506473386 0.475809794485844 "Z" "Unbias"
"378" "PPWD1" "PPWD1" 53619729 53631083 0 0 0 0 0 1 2137 11354 1 0 0.000467945718296678 0.000467945718296678 "DIF" 0 0.0205806909685597 5.13195791383867 0.910031846280794 1 "Z" "Unbias"
"379" "PRKAA1" "PRKAA1" 46127041 46146673 0 0 1 0 1 0 2404 19632 1 0.000415973377703827 0 0.000415973377703827 "DIF" 1 -0.244510650914539 4.78815830304908 0.212179746252827 0.664284878332964 "Z" "Unbias"
"380" "PRUNE2" "PRUNE2" 57830656 57934812 5 1 0 0 5 1 12606 104156 6 0.000396636522290973 7.93273044581945e-05 0.000475963826749167 "DIF" 2.5 -0.809194620515372 4.21504327400094 0.00318143913808853 0.0874867911472244 "Z" "Unbias"
"381" "PSAT1" NA NA NA NA NA NA NA NA NA NA NA NA NA NA NA "NOT" NA -0.284788939913149 4.57153569044078 0.185963520183429 0.635212111757718 "Z" "Unbias"
"382" "PSD3" NA NA NA NA NA NA NA NA NA NA NA NA NA NA NA "NOT" NA -0.105772860889202 6.80017309828814 0.510562226237253 0.863768557056057 "Z" "Unbias"
"383" "PSIP1" NA NA NA NA NA NA NA NA NA NA NA NA NA NA NA "NOT" NA -0.147101121916705 6.97880431647904 0.339736006414046 0.770250863145963 "Z" "Unbias"
"384" "PTAR1" NA NA NA NA NA NA NA NA NA NA NA NA NA NA NA "NOT" NA -0.237764807344715 4.61413543990051 0.288796556731593 0.736439564502731 "Z" "Unbias"
"385" "PTBP3" NA NA NA NA NA NA NA NA NA NA NA NA NA NA NA "NOT" NA 0.0267280779160812 5.37078946840217 0.883216141296644 0.997050066856005 "Z" "Unbias"
"386" "PTCD2" "PTCD2" 61542596 61557792 1 0 1 0 0 1 2421 15196 1 0 0.000413052457662123 0.000413052457662123 "DIF" 0 -0.127867000625013 3.29713529285828 0.641828078901715 0.917886590328125 "Z" "Unbias"
"387" "PTGR1" NA NA NA NA NA NA NA NA NA NA NA NA NA NA NA "NOT" NA -0.517102900534163 4.128653546894 0.0788857860876685 0.441354681890784 "Z" "Unbias"
"388" "PUM3" "PUM3" 62894706 62918177 0 0 0 1 1 1 2233 23471 2 0.000447828034034931 0.000447828034034931 0.000895656068069861 "DIF" 0.5 0.131311294542837 5.20202974541114 0.448571850008906 0.834279602606922 "Z" "Unbias"
"389" "RAB3C" NA NA NA NA NA NA NA NA NA NA NA NA NA NA NA "NOT" NA -0.178507505540064 4.75304531989192 0.392219989463581 0.799932337898354 "Z" "Unbias"
"390" "RAD1" NA NA NA NA NA NA NA NA NA NA NA NA NA NA NA "NOT" NA -0.195275230190942 5.3154896851017 0.330576148339736 0.764452254702033 "Z" "Unbias"
"391" "RAI14" NA NA NA NA NA NA NA NA NA NA NA NA NA NA NA "NOT" NA -0.693517033438098 4.36982360767068 0.00237423848617939 0.0718565458901168 "Z" "Unbias"
"392" "RASA1" NA NA NA NA NA NA NA NA NA NA NA NA NA NA NA "NOT" NA 0.0201198465733665 6.31748731855284 0.892613596658302 0.999293920686105 "Z" "Unbias"
"393" "RCL1" "RCL1" 63457818 63491278 1 0 0 0 1 1 2658 33460 2 0.000376222723852521 0.000376222723852521 0.000752445447705041 "DIF" 0.5 -0.314385677408557 3.62711633699162 0.212230118097185 0.664284878332964 "Z" "Unbias"
"394" "REEP5" NA NA NA NA NA NA NA NA NA NA NA NA NA NA NA "NOT" NA -0.281252275714612 4.90996575705511 0.173828969432127 0.619234206163174 "Z" "Unbias"
"395" "RFESD" NA NA NA NA NA NA NA NA NA NA NA NA NA NA NA "NOT" NA -0.092152035816988 1.57424468407045 0.806455032602801 0.973177554401689 "Z" "Unbias"
"396" "RFK" NA NA NA NA NA NA NA NA NA NA NA NA NA NA NA "NOT" NA -0.0276732409766055 5.0515803033405 0.89317020057645 0.999321823944965 "Z" "Unbias"
"397" "RFX3" NA NA NA NA NA NA NA NA NA NA NA NA NA NA NA "NOT" NA -0.0287652180059481 5.65530185639891 0.877277945224084 0.995609480785324 "Z" "Unbias"
"398" "RGMB" NA NA NA NA NA NA NA NA NA NA NA NA NA NA NA "NOT" NA -0.142498043065296 3.98847935624649 0.55274564614079 0.881648887060249 "Z" "Unbias"
"399" "RGP1" NA NA NA NA NA NA NA NA NA NA NA NA NA NA NA "NOT" NA 0.17759132897522 6.46756488158042 0.287093683801412 0.735334799625518 "Z" "Unbias"
"400" "RIC1" "RIC1" 63690131 63737954 1 0 1 1 8 2 6371 47823 10 0.00125568984460838 0.000313922461152095 0.00156961230576048 "DIF" 2.66666666666667 0.242679183124335 6.70268564641914 0.133228149366214 0.557360695740527 "Z" "Unbias"
"401" "RICTOR" "RICTOR" 45423023 45499159 0 0 0 0 0 1 10044 76136 1 0 9.95619275189168e-05 9.95619275189168e-05 "DIF" 0 -0.294427638150322 6.2470060813736 0.0654780893688465 0.406404903316766 "Z" "Unbias"
"402" "RIOK2" NA NA NA NA NA NA NA NA NA NA NA NA NA NA NA "NOT" NA -0.0390874817934191 5.55800631739592 0.839520135587062 0.983076434961108 "Z" "Unbias"
"403" "RMI1" NA NA NA NA NA NA NA NA NA NA NA NA NA NA NA "NOT" NA -0.053802774207677 4.90950619636325 0.784858933638065 0.966632775547126 "Z" "Unbias"
"404" "RNF170" NA NA NA NA NA NA NA NA NA NA NA NA NA NA NA "NOT" NA -0.0111322287576552 4.86538014673912 0.961490281673781 1 "Z" "Unbias"
"405" "RNF20" NA NA NA NA NA NA NA NA NA NA NA NA NA NA NA "NOT" NA -0.21747534616067 7.59316230093753 0.122113480281178 0.535177757674782 "Z" "Unbias"
"406" "RNF38" NA NA NA NA NA NA NA NA NA NA NA NA NA NA NA "NOT" NA -0.257824297449902 7.12291818107879 0.0997899913064602 0.494212316915154 "Z" "Unbias"
"407" "RPL17" NA NA NA NA NA NA NA NA NA NA NA NA NA NA NA "NOT" NA 0.0187431208179463 7.86906479177776 0.893733318813056 0.999321823944965 "Z" "Unbias"
"408" "RPL37" "RPL37" 46153836 46156411 0 0 0 0 0 1 362 2575 1 0 0.00276243093922652 0.00276243093922652 "DIF" 0 -0.0732723711781862 6.98254255636215 0.611844506016809 0.908001086469452 "Z" "Unbias"
"409" "RPP25L" NA NA NA NA NA NA NA NA NA NA NA NA NA NA NA "NOT" NA -0.29202217435915 4.7683656268696 0.162184144583073 0.604247292790764 "Z" "Unbias"
"410" "RPS6" NA NA NA NA NA NA NA NA NA NA NA NA NA NA NA "NOT" NA -0.176873204025524 8.64571124003829 0.205987522582214 0.656665233453243 "Z" "Unbias"
"411" "SCAMP1" NA NA NA NA NA NA NA NA NA NA NA NA NA NA NA "NOT" NA -0.359886967638667 5.73055688630711 0.0409534470386273 0.332325262352154 "Z" "Unbias"
"412" "SECISBP2" NA NA NA NA NA NA NA NA NA NA NA NA NA NA NA "NOT" NA 0.257271607810295 7.98162968305542 0.0706328266619902 0.419180197755743 "Z" "Unbias"
"413" "SELENOP" "SELENOP" 46811419 46819749 0 0 0 0 0 1 2625 8330 1 0 0.000380952380952381 0.000380952380952381 "DIF" 0 -0.243898762463119 7.31700242785776 0.286287687566391 0.734575728822443 "Z" "Unbias"
"414" "SEMA4D" "SEMA4D" 7686393 7783343 6 1 11 0 0 1 7786 96950 1 0 0.000128435653737478 0.000128435653737478 "DIF" 0 0.0901627389520891 8.88691960771704 0.573698914551532 0.889433100388972 "Z" "Unbias"
"415" "SEMA6A" NA NA NA NA NA NA NA NA NA NA NA NA NA NA NA "NOT" NA -0.105931228744091 4.63590629679377 0.619518458817185 0.910740416050364 "Z" "Unbias"
"416" "SERF1A" NA NA NA NA NA NA NA NA NA NA NA NA NA NA NA "NOT" NA 0.0291330361240487 6.94922165522027 0.836036642887283 0.981628668116235 "Z" "Unbias"
"417" "SERINC5" "SERINC5" 58230788 58272887 0 0 1 0 0 2 9159 42099 2 0 0.000218364450267496 0.000218364450267496 "DIF" 0 -0.182769560018199 6.90564380276744 0.233143233937961 0.683204025875969 "Z" "Unbias"
"418" "SETD9" "SETD9" 50570566 50578060 0 0 3 0 1 1 1554 7494 2 0.000643500643500643 0.000643500643500643 0.00128700128700129 "DIF" 0.5 0.218704161733638 4.12318026970828 0.323478863256124 0.75932179739057 "Z" "Unbias"
"419" "SGTB" "SGTB" 53681764 53705521 0 1 0 0 1 0 4509 23757 1 0.000221778664892437 0 0.000221778664892437 "DIF" 1 0.00561362875660921 6.50195070763385 0.96862970312704 1 "Z" "Unbias"
"420" "SHB" NA NA NA NA NA NA NA NA NA NA NA NA NA NA NA "NOT" NA -0.245130374924626 4.62763711463932 0.289888715812836 0.73644123860714 "Z" "Unbias"
"421" "SHLD3" NA NA NA NA NA NA NA NA NA NA NA NA NA NA NA "NOT" NA -0.516118267523257 3.10537026829071 0.122595384999929 0.535878462636158 "Z" "Unbias"
"422" "SHOC1" NA NA NA NA NA NA NA NA NA NA NA NA NA NA NA "NOT" NA 0.000465750817666764 5.72187773215211 0.99293047425217 1 "Z" "Unbias"
"423" "SIGMAR1" NA NA NA NA NA NA NA NA NA NA NA NA NA NA NA "NOT" NA -0.02247600853587 6.45042813947577 0.896788957395576 0.999794398890881 "Z" "Unbias"
"424" "SKA1" NA NA NA NA NA NA NA NA NA NA NA NA NA NA NA "NOT" NA -0.0947506330331215 6.09905635460997 0.810118068573733 0.973528454165784 "Z" "Unbias"
"425" "SKP2" NA NA NA NA NA NA NA NA NA NA NA NA NA NA NA "NOT" NA -0.234316608317455 4.09781313370821 0.291436358669558 0.737448464300784 "Z" "Unbias"
"426" "SLC1A1" NA NA NA NA NA NA NA NA NA NA NA NA NA NA NA "NOT" NA 0.236869541546316 6.30358752226516 0.199917906976264 0.649998375342118 "Z" "Unbias"
"427" "SLC1A3" NA NA NA NA NA NA NA NA NA NA NA NA NA NA NA "NOT" NA 0.358903666169306 5.01929218669185 0.300974699952151 0.744910767363865 "Z" "Unbias"
"428" "SLC24A2" NA NA NA NA NA NA NA NA NA NA NA NA NA NA NA "NOT" NA 0.0854964458394398 5.91932542564295 0.667721643497332 0.927119354866848 "Z" "Unbias"
"429" "SLC25A46" NA NA NA NA NA NA NA NA NA NA NA NA NA NA NA "NOT" NA -0.106488146754233 5.3493357233686 0.568264623078104 0.888180386070266 "Z" "Unbias"
"430" "SLC27A6" NA NA NA NA NA NA NA NA NA NA NA NA NA NA NA "NOT" NA 0.0576325527570334 5.34329342421884 0.80847760929566 0.973528454165784 "Z" "Unbias"
"431" "SLC28A3" "SLC28A3" 55363030 55400924 2 2 1 0 0 1 2543 37894 1 0 0.000393236335037357 0.000393236335037357 "DIF" 0 0.215576815960913 2.9141511932513 0.425675617716342 0.82162329442133 "Z" "Unbias"
"432" "SLC30A5" NA NA NA NA NA NA NA NA NA NA NA NA NA NA NA "NOT" NA -0.0350519067181237 6.90891167357898 0.813269181660027 0.973852849101253 "Z" "Unbias"
"433" "SLC38A9" NA NA NA NA NA NA NA NA NA NA NA NA NA NA NA "NOT" NA 0.0389756390430967 3.58051250106504 0.867552687181077 0.991550206748439 "Z" "Unbias"
"434" "SLC44A1" NA NA NA NA NA NA NA NA NA NA NA NA NA NA NA "NOT" NA -0.626427240227547 5.27159500026642 0.0185329713846623 0.226514391662809 "Z" "Unbias"
"435" "SLCO4C1" "SLCO4C1" 18711426 18738533 2 0 0 0 1 0 2851 27107 1 0.000350754121360926 0 0.000350754121360926 "DIF" 1 -0.670629390674067 6.37030086002361 1.40686261932675e-05 0.00178183154534591 "Z" "Unbias"
"436" "SLF1" NA NA NA NA NA NA NA NA NA NA NA NA NA NA NA "NOT" NA -0.151548668845874 5.9872148397698 0.345168624620163 0.773490291258527 "Z" "Unbias"
"437" "SMAD2" NA NA NA NA NA NA NA NA NA NA NA NA NA NA NA "NOT" NA 0.0986286166151914 6.42865059189301 0.507800045671544 0.862865218101654 "Z" "Unbias"
"438" "SMARCA2" "SMARCA2" 62579399 62695750 1 0 5 0 1 1 6307 116351 2 0.000158553987632789 0.000158553987632789 0.000317107975265578 "DIF" 0.5 -0.184159554007865 6.7788947351502 0.211541759181563 0.663571279957182 "Z" "Unbias"
"439" "SMC2" "SMC2" 29074169 29095147 0 0 0 0 1 0 4271 20978 1 0.000234137204401779 0 0.000234137204401779 "DIF" 1 0.0995484591764621 7.67970904482428 0.566957798723375 0.887835878687673 "Z" "Unbias"
"440" "SMC5" "SMC5" 12041726 12081093 2 0 4 0 0 1 4806 39367 1 0 0.000208073241781107 0.000208073241781107 "DIF" 0 0.0441940305255159 7.89361152395662 0.758653435847203 0.958645379250588 "Z" "Unbias"
"441" "SMIM15" NA NA NA NA NA NA NA NA NA NA NA NA NA NA NA "NOT" NA 0.0116881472318019 5.44614579308092 0.941834162000797 1 "Z" "Unbias"
"442" "SMU1" NA NA NA NA NA NA NA NA NA NA NA NA NA NA NA "NOT" NA -0.16065518323999 6.21379081757568 0.29521643856566 0.739670042148104 "Z" "Unbias"
"443" "SNAPC3" NA NA NA NA NA NA NA NA NA NA NA NA NA NA NA "NOT" NA 0.0231106569934945 4.05032957198687 0.916685481385474 1 "Z" "Unbias"
"444" "SNX18" NA NA NA NA NA NA NA NA NA NA NA NA NA NA NA "NOT" NA -0.478848380747547 4.39992035977046 0.0638560449247172 0.402803093012535 "Z" "Unbias"
"445" "SNX2" NA NA NA NA NA NA NA NA NA NA NA NA NA NA NA "NOT" NA -0.058316513246104 6.2353569853234 0.719607694862557 0.942377685988837 "Z" "Unbias"
"446" "SNX24" NA NA NA NA NA NA NA NA NA NA NA NA NA NA NA "NOT" NA -0.0458961287990333 3.28563585456753 0.872536596064283 0.993504442501949 "Z" "Unbias"
"447" "SNX30" NA NA NA NA NA NA NA NA NA NA NA NA NA NA NA "NOT" NA -0.233278873189538 4.54612596559195 0.251073517108487 0.702881323247054 "Z" "Unbias"
"448" "SPAG8" NA NA NA NA NA NA NA NA NA NA NA NA NA NA NA "NOT" NA 0.103784811030297 5.52698356199537 0.647143891842155 0.9209201797892 "Z" "Unbias"
"449" "SPEF2" "SPEF2" 44075347 44148014 1 1 2 0 3 0 10985 72667 3 0.000273099681383705 0 0.000273099681383705 "DIF" 3 0.159174252356904 6.70222266834357 0.297250463967186 0.741251969339686 "Z" "Unbias"
"450" "SPIN1" "SPIN1" 8069935 8131270 0 0 1 0 0 1 4959 61335 1 0 0.00020165355918532 0.00020165355918532 "DIF" 0 -0.204040244693691 7.5749381082585 0.142590519212591 0.574286637778761 "Z" "Unbias"
"451" "SPTLC1" NA NA NA NA NA NA NA NA NA NA NA NA NA NA NA "NOT" NA -0.182161525169286 4.93698052994606 0.344887518467938 0.773264237887185 "Z" "Unbias"
"452" "SREK1" NA NA NA NA NA NA NA NA NA NA NA NA NA NA NA "NOT" NA -0.254915431040845 6.75316470634995 0.098471306992322 0.49048494208573 "Z" "Unbias"
"453" "SREK1IP1" NA NA NA NA NA NA NA NA NA NA NA NA NA NA NA "NOT" NA 0.121495746967341 3.53754430296301 0.611022406355436 0.90772325306356 "Z" "Unbias"
"454" "SRFBP1" NA NA NA NA NA NA NA NA NA NA NA NA NA NA NA "NOT" NA 0.0636624495442093 6.38539041445571 0.658918884166911 0.924217692899727 "Z" "Unbias"
"455" "SRP19" "SRP19" 22590602 22595136 0 0 0 0 0 1 643 4534 1 0 0.0015552099533437 0.0015552099533437 "DIF" 0 0.0376168835582226 6.08716123054907 0.812188338311928 0.973528454165784 "Z" "Unbias"
"456" "STARD4" NA NA NA NA NA NA NA NA NA NA NA NA NA NA NA "NOT" NA -0.405888354029412 5.10806615045592 0.0824265810476408 0.450473665198517 "Z" "Unbias"
"457" "STOML2" NA NA NA NA NA NA NA NA NA NA NA NA NA NA NA "NOT" NA -0.102124899674155 4.47810877529173 0.624459305875166 0.912626436877999 "Z" "Unbias"
"458" "SUB1" NA NA NA NA NA NA NA NA NA NA NA NA NA NA NA "NOT" NA -0.155481426854375 6.10368660316218 0.346196925555234 0.774393161702696 "Z" "Unbias"
"459" "SUSD1" NA NA NA NA NA NA NA NA NA NA NA NA NA NA NA "NOT" NA 0.309995603280115 4.45668859764282 0.148645594545286 0.583004200918941 "Z" "Unbias"
"460" "TAF1C" NA NA NA NA NA NA NA NA NA NA NA NA NA NA NA "NOT" NA -0.404591126789972 4.36498736062154 0.0669170254923497 0.40921689264042 "Z" "Unbias"
"461" "TARS1" NA NA NA NA NA NA NA NA NA NA NA NA NA NA NA "NOT" NA 0.0472964641008924 6.38847271878677 0.740917724613844 0.951182618851285 "Z" "Unbias"
"462" "TBC1D2" NA NA NA NA NA NA NA NA NA NA NA NA NA NA NA "NOT" NA -0.105667157502286 4.98365932266274 0.617815628983777 0.910601867630324 "Z" "Unbias"
"463" "TBCA" NA NA NA NA NA NA NA NA NA NA NA NA NA NA NA "NOT" NA -0.0426443066794732 6.42455834231077 0.816723551269555 0.974988049575455 "Z" "Unbias"
"464" "TDRD7" "TDRD7" 34384024 34430220 0 1 1 0 1 1 5734 46196 2 0.000174398325776073 0.000174398325776073 0.000348796651552145 "DIF" 0.5 0.207018283560352 7.97742018623325 0.171229744852373 0.616601177532001 "Z" "Unbias"
"465" "TENT2" "TENT2" 58444687 58491848 0 0 0 0 1 0 5840 47161 1 0.000171232876712329 0 0.000171232876712329 "DIF" 1 -0.013061261538734 4.40059291331136 0.960025018976763 1 "Z" "Unbias"
"466" "TESK1" NA NA NA NA NA NA NA NA NA NA NA NA NA NA NA "NOT" NA 0.359209183348904 6.52440900305757 0.0418400194948259 0.334568154613405 "Z" "Unbias"
"467" "THAP1" NA NA NA NA NA NA NA NA NA NA NA NA NA NA NA "NOT" NA 0.0687080677690589 7.46608203032704 0.657716555644651 0.924053879436806 "Z" "Unbias"
"468" "THBS4" "THBS4" 58276212 58321353 0 0 0 0 1 1 3230 45141 2 0.000309597523219814 0.000309597523219814 0.000619195046439629 "DIF" 0.5 0.184378944075517 6.12549212883236 0.255340510655058 0.706922311731926 "Z" "Unbias"
"469" "TJP2" NA NA NA NA NA NA NA NA NA NA NA NA NA NA NA "NOT" NA -0.0144690828640545 6.14575798518837 0.936517260861507 1 "Z" "Unbias"
"470" "TLN1" NA NA NA NA NA NA NA NA NA NA NA NA NA NA NA "NOT" NA -0.0583996344946238 7.87189267544659 0.737665827218394 0.950931498046016 "Z" "Unbias"
"471" "TMED7" NA NA NA NA NA NA NA NA NA NA NA NA NA NA NA "NOT" NA -0.0997122295173863 7.86504366477933 0.522685958444133 0.870967021216662 "Z" "Unbias"
"472" "TMEM161B" "TMEM161B" 17124388 17166779 0 0 0 1 0 1 17349 42391 1 0 5.76402098103637e-05 5.76402098103637e-05 "DIF" 0 0.0588082658070082 6.04626785440322 0.72153217067031 0.943951379623252 "Z" "Unbias"
"473" "TMEM171" "TMEM171" 61216777 61228052 2 0 0 0 0 1 2290 11275 1 0 0.000436681222707424 0.000436681222707424 "DIF" 0 -0.314673611068215 2.31190931012801 0.342400828093858 0.771914122452648 "Z" "Unbias"
"474" "TMEM175" NA NA NA NA NA NA NA NA NA NA NA NA NA NA NA "NOT" NA -0.129443711624025 5.18417532396483 0.48631717291623 0.855853496315949 "Z" "Unbias"
"475" "TMEM267" NA NA NA NA NA NA NA NA NA NA NA NA NA NA NA "NOT" NA -0.18835917451983 4.40334634680752 0.417466087151056 0.81758675540668 "Z" "Unbias"
"476" "TMEM8B" NA NA NA NA NA NA NA NA NA NA NA NA NA NA NA "NOT" NA 0.424943706518335 3.81017299332572 0.0761869840268679 0.434717882281784 "Z" "Unbias"
"477" "TMOD1" "TMOD1" 34352055 34378848 0 0 0 0 0 1 2893 26793 1 0 0.000345661942620118 0.000345661942620118 "DIF" 0 0.0466353026798691 3.76249954491954 0.859649066304414 0.988098859308426 "Z" "Unbias"
"478" "TNFAIP8" NA NA NA NA NA NA NA NA NA NA NA NA NA NA NA "NOT" NA -0.143260497515115 3.4065144100087 0.643810405718013 0.919125639263886 "Z" "Unbias"
"479" "TNPO1" "TNPO1" 61333539 61409064 3 0 1 1 1 0 9194 75525 1 0.000108766586904503 0 0.000108766586904503 "DIF" 1 0.077037224160315 6.71967333764744 0.58816466572045 0.897106714341602 "Z" "Unbias"
"480" "TOPORS" "TOPORS" 29752478 29757793 0 0 0 0 1 0 3741 5315 1 0.000267308206361935 0 0.000267308206361935 "DIF" 1 -0.239947976099048 5.96507161169959 0.146763969110011 0.580441345021617 "Z" "Unbias"
"481" "TPGS2" NA NA NA NA NA NA NA NA NA NA NA NA NA NA NA "NOT" NA 0.16033622480467 4.1306633318179 0.498511174396808 0.859242504031329 "Z" "Unbias"
"482" "TPM2" NA NA NA NA NA NA NA NA NA NA NA NA NA NA NA "NOT" NA -0.117272251486597 8.04686449720821 0.513902578377054 0.864955573093827 "Z" "Unbias"
"483" "TRAPPC13" "TRAPPC13" 53657297 53685764 0 0 0 0 1 0 6683 28467 1 0.000149633398174473 0 0.000149633398174473 "DIF" 1 -0.334327588426748 5.86026104243887 0.0522598990442852 0.367923300797744 "Z" "Unbias"
"484" "TRIM23" NA NA NA NA NA NA NA NA NA NA NA NA NA NA NA "NOT" NA -0.054159927210511 5.25364192215487 0.776395326609057 0.963310113848163 "Z" "Unbias"
"485" "TRIM36" NA NA NA NA NA NA NA NA NA NA NA NA NA NA NA "NOT" NA 0.119756783685164 4.63432316543448 0.595783409055124 0.900937818978649 "Z" "Unbias"
"486" "TSTD2" NA NA NA NA NA NA NA NA NA NA NA NA NA NA NA "NOT" NA -0.146166048332872 5.75038345561004 0.419687898732592 0.81885298820398 "Z" "Unbias"
"487" "TTC33" NA NA NA NA NA NA NA NA NA NA NA NA NA NA NA "NOT" NA -0.162554789544917 5.50810178399478 0.357884943001461 0.782076775229092 "Z" "Unbias"
"488" "TTC37" "TTC37" 14089091 14157563 10 1 20 0 2 2 6634 68472 4 0.000301477238468496 0.000301477238468496 0.000602954476936991 "DIF" 0.666666666666667 0.766213753399444 7.51724525094609 4.22242083966806e-07 0.000113229615586541 "Z" "Unbias"
"489" "TUSC1" NA NA NA NA NA NA NA NA NA NA NA NA NA NA NA "NOT" NA -0.0403805431754958 5.47754647641118 0.838414380800045 0.982576930643505 "Z" "Unbias"
"490" "TUT7" "TUT7" 11191396 11224524 8 0 15 0 1 0 6905 33128 1 0.000144822592324403 0 0.000144822592324403 "DIF" 1 -0.698924742647077 6.22672203316952 7.08759717756209e-06 0.00104778311608293 "Z" "Unbias"
"491" "TXN" NA NA NA NA NA NA NA NA NA NA NA NA NA NA NA "NOT" NA -0.0151397738282595 6.44914409151653 0.924855215174408 1 "Z" "Unbias"
"492" "UBAP1" NA NA NA NA NA NA NA NA NA NA NA NA NA NA NA "NOT" NA 0.0408640744384232 6.0156599399293 0.806504952920297 0.973177554401689 "Z" "Unbias"
"493" "UBAP2" NA NA NA NA NA NA NA NA NA NA NA NA NA NA NA "NOT" NA 0.708329619481809 9.57683545178272 1.2731228220377e-05 0.00166822491601327 "Z" "Unbias"
"494" "UBE2R2" NA NA NA NA NA NA NA NA NA NA NA NA NA NA NA "NOT" NA 0.492979596681379 7.90724887981631 0.00102975922927352 0.0421100710530935 "Z" "Unbias"
"495" "UBQLN1" "UBQLN1" 55535439 55571637 1 0 0 0 2 0 7444 36198 2 0.000268672756582483 0 0.000268672756582483 "DIF" 2 0.177836630560253 8.37068538836061 0.228957633232955 0.680627128734246 "Z" "Unbias"
"496" "UGCG" NA NA NA NA NA NA NA NA NA NA NA NA NA NA NA "NOT" NA 0.184274870397317 7.75605796767443 0.30921530518962 0.749060435178368 "Z" "Unbias"
"497" "UHRF2" NA NA NA NA NA NA NA NA NA NA NA NA NA NA NA "NOT" NA -0.150876038611394 4.25040438161701 0.49586349236048 0.858831743506109 "Z" "Unbias"
"498" "UTP15" "UTP15" 61005293 61016569 1 0 0 2 0 3 2867 11276 3 0 0.00104638995465644 0.00104638995465644 "DIF" 0 -0.120803375085853 4.8389754667043 0.526728218094697 0.873836186628357 "Z" "Unbias"
"499" "VLDLR" NA NA NA NA NA NA NA NA NA NA NA NA NA NA NA "NOT" NA 0.0944667321438955 4.40814531721653 0.645539045038265 0.919839204840338 "Z" "Unbias"
"500" "VPS13A" "VPS13A" 57618036 57727092 3 0 0 0 5 2 14206 109056 7 0.00035196395889061 0.000140785583556244 0.000492749542446853 "DIF" 1.66666666666667 -0.0718622666549451 7.49250283475875 0.657524507851386 0.924038721245934 "Z" "Unbias"
"501" "WDR36" NA NA NA NA NA NA NA NA NA NA NA NA NA NA NA "NOT" NA -0.117180226326306 5.27525079125149 0.511113447957183 0.863791465395614 "Z" "Unbias"
"502" "WDR41" NA NA NA NA NA NA NA NA NA NA NA NA NA NA NA "NOT" NA -0.0589166966129018 3.94335370155463 0.811047839189979 0.973528454165784 "Z" "Unbias"
"503" "WDR70" NA NA NA NA NA NA NA NA NA NA NA NA NA NA NA "NOT" NA -0.220713476648519 5.0603148026599 0.224503476732703 0.678248088042404 "Z" "Unbias"
"504" "XPA" NA NA NA NA NA NA NA NA NA NA NA NA NA NA NA "NOT" NA 0.309372329644726 6.34181485062002 0.0414050389368551 0.333641861621856 "Z" "Unbias"
"505" "ZDHHC21" NA NA NA NA NA NA NA NA NA NA NA NA NA NA NA "NOT" NA -0.330654594680356 4.11065495095473 0.153875962657196 0.590071075956145 "Z" "Unbias"
"506" "ZFAND5" NA NA NA NA NA NA NA NA NA NA NA NA NA NA NA "NOT" NA 0.372185555289932 9.40878259868327 0.00673182578274701 0.13595794066515 "Z" "Unbias"
"507" "ZFR" NA NA NA NA NA NA NA NA NA NA NA NA NA NA NA "NOT" NA -0.0500045624005513 6.74463128447447 0.732525910330622 0.948647122614569 "Z" "Unbias"
"508" "ZNF131" NA NA NA NA NA NA NA NA NA NA NA NA NA NA NA "NOT" NA -0.0293853857619483 4.67576025581715 0.909514593809894 1 "Z" "Unbias"
"509" "ZNF366" "ZNF366" 61478611 61514908 0 0 0 0 0 1 7938 36297 1 0 0.000125976316452507 0.000125976316452507 "DIF" 0 -0.677223663812146 5.11169660771605 0.0441697237657128 0.342515860620333 "Z" "Unbias"
"510" "ZNF367" NA NA NA NA NA NA NA NA NA NA NA NA NA NA NA "NOT" NA -0.0662564563548406 4.45629151564983 0.793465910458807 0.97014689995764 "Z" "Unbias"
"511" "ZSWIM6" "ZSWIM6" 52166179 52273151 1 0 0 0 0 2 19760 106972 2 0 0.000101214574898785 0.000101214574898785 "DIF" 0 -0.128750270013041 5.70100922918331 0.611105334622532 0.90772325306356 "Z" "Unbias"
